5
79,79,421,79,421,421,79,421
1,128.83,352.94,0
2,138.63,356.61,0
3,221.38,95.348,0
4,108.6,190.28,0
5,100.4,197.4,0
6,102.42,207.58,0
7,126.25,342.32,0
8,120.46,359.72,0
9,130.09,363.17,0
10,139.61,366.67,0
11,150.12,368.74,0
12,159,374.02,0
13,250.38,406.5,0
14,249.78,95.715,0
15,239.69,92.552,0
16,229.63,88.982,0
17,219.7,84.867,0
18,210.99,90.908,0
19,203.22,97.863,0
20,194.91,104.46,0
21,114.91,173.35,0
22,107.04,180.2,0
23,98.529,186.81,0
24,90.745,193.51,0
25,92.579,203.71,0
26,94.793,214.44,0
27,96.216,225.34,0
28,112.43,318.03,0
29,115.63,328.78,0
30,116.53,338.81,0
31,117.91,348.95,0
32,112.83,366.32,0
33,122.35,369.59,0
34,131.74,373.54,0
35,141.83,376.98,0
36,151.44,380.66,0
37,161.46,383.86,0
38,171.76,387.37,0
39,181.45,390.3,0
40,191.23,395.41,0
41,200.74,399.14,0
42,210.94,402.68,0
43,221.07,405.37,0
44,231.1,408.08,0
45,240.95,412.66,0
46,247.19,85.716,0
47,237.68,82.472,0
48,227.99,78.722,0
49,218.11,74.494,0
50,210.15,80.75,0
51,201.21,87.847,0
52,193.66,94.485,0
53,185.46,101.04,0
54,177.71,108.6,0
55,169.18,115.12,0
56,161.55,121.83,0
57,152.8,128.69,0
58,145.94,136.05,0
59,137.28,142.35,0
60,129.45,149.4,0
61,121.55,155.83,0
62,112.75,162.42,0
63,104.99,169.41,0
64,96.951,176.65,0
65,88.805,183.48,0
66,81.194,190.37,0
67,83.054,200.36,0
68,84.904,210.34,0
69,86.77,221.35,0
70,87.973,231.79,0
71,89.718,241.7,0
72,91.084,252.35,0
73,93.593,262.44,0
74,95.554,272.3,0
75,97.086,282.95,0
76,99.046,293.95,0
77,101.36,303.98,0
78,102.37,314.06,0
79,104.07,324.28,0
80,106.75,334.88,0
81,108.32,345.51,0
82,110.68,355.93,0
83,104.53,372.49,0
84,114.3,376.38,0
85,123.88,380.34,0
86,134,383.33,0
87,144.26,387.69,0
88,153.83,391.41,0
89,163.63,394.6,0
90,173.92,397.95,0
91,183.02,402.21,0
92,192.84,405.44,0
93,202.47,409.05,0
94,212.45,412.62,0
95,221.97,416.14,0
96,232.03,418.42,0
97,241.48,422.7,0
98,245.27,75.484,0
99,235.84,71.82,0
100,226.26,67.92,0
101,216.37,64.56,0
102,207.87,70.958,0
103,200.08,77.537,0
104,191.62,84.146,0
105,184.05,90.971,0
106,176.03,97.567,0
107,167.25,105.21,0
108,159.58,111.8,0
109,152.07,118.48,0
110,143.45,124.99,0
111,136.25,132.17,0
112,127.33,138.68,0
113,119.91,145.58,0
114,111.87,152.41,0
115,103.04,158.8,0
116,95.555,165.77,0
117,87.812,172.44,0
118,79.601,179.43,0
119,71.945,186.22,0
120,72.921,196.73,0
121,75.239,207.35,0
122,76.762,217.69,0
123,78.724,227.65,0
124,79.929,238.24,0
125,81.67,248.21,0
126,83.541,259.61,0
127,85.525,269.47,0
128,87.67,279.43,0
129,89.689,289.76,0
130,91.17,300.27,0
131,92.757,310.23,0
132,94.519,321.04,0
133,96.664,331.43,0
134,98.797,341.51,0
135,100.6,352.19,0
136,102.86,362.25,0
137,96.154,379.06,0
138,106.06,382.73,0
139,116.08,386.81,0
140,126.4,390.07,0
141,136.22,393.97,0
142,145.7,397.8,0
143,155.34,401.38,0
144,165.37,404.62,0
145,174.69,408.43,0
146,184.32,412.3,0
147,194.2,415.55,0
148,204.33,419.48,0
149,214.17,422.67,0
150,224.15,425.95,0
151,234.05,429.47,0
152,243.69,432.97,0
153,245.27,65.178,0
154,233.9,61.388,0
155,223.9,57.859,0
156,214.39,54.437,0
157,206.5,60.785,0
158,198.21,67.3,0
159,190.55,74.023,0
160,182.07,80.898,0
161,174.18,87.687,0
162,165.86,94.732,0
163,157.87,101.25,0
164,150.21,107.88,0
165,142.57,114.54,0
166,134.1,121.3,0
167,125.99,128.56,0
168,117.7,135.77,0
169,109.89,142.1,0
170,102.32,148.72,0
171,93.032,155.25,0
172,85.321,162.7,0
173,77.215,169.42,0
174,69.006,176.22,0
175,61.216,183.08,0
176,63.555,192.94,0
177,64.943,203.17,0
178,67.158,213.69,0
179,68.746,224.49,0
180,70.168,234.45,0
181,71.447,244.66,0
182,74.108,254.98,0
183,75.483,266.06,0
184,77.846,276.25,0
185,80.106,286.25,0
186,81.48,296.28,0
187,83.193,306.62,0
188,84.868,317.03,0
189,87.11,327.84,0
190,89.211,338.36,0
191,90.603,349.11,0
192,92.91,358.9,0
193,95.128,368.85,0
194,88.131,386.03,0
195,97.835,389.19,0
196,107.57,393.06,0
197,117.74,396.91,0
198,127.93,400.56,0
199,137.87,404.11,0
200,147.34,407.94,0
201,157.15,411.36,0
202,166.61,414.92,0
203,176.27,418.65,0
204,186.61,422.15,0
205,196.38,425.64,0
206,206.41,429.6,0
207,215.98,432.79,0
208,225.8,436.49,0
209,235.68,439.92,0
210,245.34,443.2,0
211,242.08,55.342,0
212,232.01,51.511,0
213,222.51,47.795,0
214,212.53,44.19,0
215,204.77,50.608,0
216,196.84,57.153,0
217,188.62,63.557,0
218,180.98,70.704,0
219,172.28,77.215,0
220,164.5,84.408,0
221,156.62,90.689,0
222,148.4,97.572,0
223,140.54,104.25,0
224,132.27,111.35,0
225,124.16,118.53,0
226,116.2,124.96,0
227,107.88,131.51,0
228,99.773,138.28,0
229,91.705,144.83,0
230,83.384,152.28,0
231,75.306,159.01,0
232,67.438,165.61,0
233,59.013,172.97,0
234,51.173,179.27,0
235,53.313,189.65,0
236,55.235,199.87,0
237,57.232,210.07,0
238,59.129,220.44,0
239,60.656,230.46,0
240,62.146,240.85,0
241,63.791,251.41,0
242,66.298,261.52,0
243,67.487,272.38,0
244,69.686,282.57,0
245,71.891,292.43,0
246,73.476,302.74,0
247,75.164,312.94,0
248,77.237,324.5,0
249,79.16,334.89,0
250,81.375,344.83,0
251,82.598,355.36,0
252,84.905,365.44,0
253,86.619,375.35,0
254,79.415,393.5,0
255,89.735,396.21,0
256,99.617,399.26,0
257,109.57,402.91,0
258,119.63,407.81,0
259,129.48,411.13,0
260,139.25,414.1,0
261,149.33,417.85,0
262,158.97,421.7,0
263,168.38,425.23,0
264,178.58,428.48,0
265,188.51,432.18,0
266,198,436.01,0
267,208.43,439.89,0
268,217.85,443.43,0
269,228.01,446.92,0
270,238.03,450.28,0
271,247.82,453.79,0
272,239.94,44.928,0
273,230.44,41.032,0
274,220.58,37.441,0
275,210.71,33.85,0
276,202.67,40.599,0
277,194.62,47.346,0
278,186.7,53.688,0
279,178.95,60.662,0
280,170.48,67.327,0
281,162.7,74.163,0
282,154.49,80.733,0
283,146.59,87.234,0
284,138.35,94.069,0
285,130.88,101.38,0
286,122.73,107.65,0
287,114.92,114.39,0
288,106.12,121.2,0
289,98.426,127.66,0
290,90.022,134.86,0
291,81.915,141.83,0
292,73.595,148.85,0
293,65.442,155.54,0
294,57.439,162.04,0
295,49.499,168.95,0
296,41.798,175.58,0
297,43.621,185.93,0
298,45.444,196.27,0
299,47.268,206.61,0
300,49.082,217.2,0
301,50.508,227.36,0
302,52.688,237.44,0
303,54.369,247.59,0
304,56.318,258.39,0
305,58.212,268.5,0
306,60.089,279.44,0
307,62.186,289.37,0
308,63.587,299.59,0
309,65.69,309.59,0
310,67.63,320.43,0
311,69.037,331.23,0
312,71.359,341.53,0
313,72.604,351.78,0
314,74.748,362.36,0
315,76.759,372.22,0
316,78.358,382.14,0
317,72.22,400.52,0
318,81.878,403.69,0
319,91.284,407.28,0
320,102.04,410.3,0
321,111.49,413.78,0
322,121.76,417.84,0
323,131.71,420.94,0
324,141.27,424.45,0
325,151.12,428.5,0
326,160.67,431.93,0
327,170.79,435.13,0
328,180.24,439.06,0
329,189.76,442.39,0
330,199.95,446.3,0
331,209.82,450,0
332,220.05,453.35,0
333,229.91,456.94,0
334,239.78,460.53,0
335,249.65,464.13,0
336,247.78,38.642,0
337,238.49,34.283,0
338,228.62,30.692,0
339,218.75,27.101,0
340,208.89,23.509,0
341,200.84,30.259,0
342,192.8,37.008,0
343,184.76,43.757,0
344,176.85,50.692,0
345,168.82,57.389,0
346,160.92,63.845,0
347,152.62,70.765,0
348,144.65,77.303,0
349,136.97,83.975,0
350,128.68,90.963,0
351,120.46,97.283,0
352,112.58,104.23,0
353,103.91,111.22,0
354,96.095,117.54,0
355,88.495,124.58,0
356,80.196,131.69,0
357,72.087,137.96,0
358,64.098,144.8,0
359,55.932,151.98,0
360,47.897,158.42,0
361,39.974,165.24,0
362,31.931,171.99,0
363,33.754,182.33,0
364,35.578,192.67,0
365,37.401,203.01,0
366,39.224,213.36,0
367,41.048,223.7,0
368,42.871,234.04,0
369,44.694,244.38,0
370,46.517,254.72,0
371,48.029,265.04,0
372,50.067,274.97,0
373,51.832,285.99,0
374,53.76,296.31,0
375,55.894,306.3,0
376,58.18,316.74,0
377,58.952,326.91,0
378,60.96,337.22,0
379,62.652,347.16,0
380,64.355,357.6,0
381,66.645,368.47,0
382,67.733,378.6,0
383,69.811,389.89,0
384,63.832,406.54,0
385,73.679,410.47,0
386,83.182,414.5,0
387,93.571,417.46,0
388,103.9,420.89,0
389,113.46,424.61,0
390,123.56,427.95,0
391,133.25,431.17,0
392,142.54,435.05,0
393,152.83,438.44,0
394,162.96,442.22,0
395,172.25,446.11,0
396,182.41,449.34,0
397,192.27,452.92,0
398,202.14,456.51,0
399,212,460.1,0
400,221.87,463.69,0
401,231.74,467.28,0
402,241.6,470.88,0
403,245.61,27.107,0
404,236.13,23.757,0
405,226.69,20.309,0
406,216.93,16.76,0
407,207.06,13.169,0
408,199.02,19.918,0
409,190.98,26.667,0
410,182.93,33.417,0
411,174.89,40.166,0
412,166.85,46.915,0
413,159.19,53.939,0
414,150.71,60.539,0
415,142.93,67.076,0
416,134.88,73.903,0
417,127.26,80.884,0
418,118.66,86.614,0
419,110.93,93.844,0
420,102.79,100.52,0
421,94.167,107.62,0
422,86.22,114.68,0
423,78.615,121.59,0
424,70.522,127.62,0
425,62.201,134.93,0
426,54.032,141.31,0
427,46.195,148.15,0
428,38.151,154.9,0
429,30.108,161.65,0
430,22.064,168.4,0
431,23.888,178.74,0
432,25.711,189.08,0
433,27.534,199.42,0
434,29.357,209.76,0
435,31.181,220.1,0
436,33.004,230.45,0
437,34.827,240.79,0
438,36.651,251.13,0
439,38.474,261.47,0
440,40.297,271.81,0
441,42.121,282.15,0
442,43.944,292.49,0
443,45.767,302.83,0
444,47.381,312.85,0
445,49.261,323.06,0
446,51.076,333.26,0
447,52.98,343.44,0
448,54.801,354.04,0
449,56.359,364.47,0
450,57.836,375.08,0
451,59.974,385.17,0
452,61.832,396.36,0
453,55.909,412.76,0
454,65.728,416.76,0
455,74.995,420.66,0
456,85.938,424.3,0
457,95.689,427.31,0
458,105.75,431.06,0
459,115.5,434.78,0
460,125.06,437.89,0
461,134.63,442.25,0
462,144.12,445.61,0
463,155.17,448.97,0
464,164.5,452.83,0
465,174.36,456.08,0
466,184.22,459.67,0
467,194.09,463.26,0
468,203.96,466.85,0
469,213.83,470.44,0
470,223.69,474.03,0
471,233.56,477.62,0
472,243.43,481.22,0
473,244.7,17.094,0
474,234.84,13.602,0
475,224.97,10.011,0
476,215.11,6.4197,0
477,205.24,2.8284,0
478,197.2,9.5777,0
479,189.15,16.327,0
480,181.11,23.076,0
481,173.07,29.826,0
482,165.02,36.575,0
483,156.98,43.324,0
484,148.99,49.645,0
485,141.13,57.044,0
486,133.02,63.187,0
487,125.53,69.891,0
488,117.09,76.684,0
489,108.9,84,0
490,100.7,90.33,0
491,93.191,97.097,0
492,84.341,104.45,0
493,76.386,111.14,0
494,68.289,117.27,0
495,60.852,124.61,0
496,51.985,130.93,0
497,44.371,137.81,0
498,36.328,144.56,0
499,28.284,151.31,0
500,20.241,158.06,0
501,12.197,164.81,0
502,14.021,175.15,0
503,15.844,185.49,0
504,17.667,195.83,0
505,19.491,206.17,0
506,21.314,216.51,0
507,23.137,226.85,0
508,24.961,237.19,0
509,26.784,247.53,0
510,28.607,257.88,0
511,30.431,268.22,0
512,32.254,278.56,0
513,34.077,288.9,0
514,35.9,299.24,0
515,37.724,309.58,0
516,39.547,319.92,0
517,41.37,330.26,0
518,43.194,340.6,0
519,45.017,350.94,0
520,46.829,361.28,0
521,48.357,371.58,0
522,50.114,381.95,0
523,52.151,392.49,0
524,54,402.75,0
525,48.047,419.54,0
526,57.69,422.96,0
527,67.266,427.41,0
528,77.505,430.47,0
529,87.566,434.29,0
530,97.472,438.14,0
531,107.78,441.39,0
532,117.44,444.97,0
533,126.82,448.81,0
534,136.63,452.52,0
535,146.58,455.64,0
536,156.45,459.24,0
537,166.31,462.83,0
538,176.18,466.42,0
539,186.05,470.01,0
540,195.91,473.6,0
541,205.78,477.19,0
542,215.65,480.78,0
543,225.52,484.37,0
544,235.38,487.96,0
545,245.25,491.56,0
546,242.88,6.8528,0
547,233.02,3.2616,0
548,223.15,-0.32961,0
549,213.28,-3.9208,0
550,195.37,-0.76277,0
551,187.33,5.9865,0
552,179.29,12.736,0
553,171.24,19.485,0
554,163.2,26.234,0
555,155.16,32.984,0
556,147.11,39.733,0
557,139.07,46.482,0
558,131.22,53.029,0
559,122.83,59.752,0
560,114.9,66.48,0
561,107.19,72.97,0
562,98.542,80.245,0
563,90.422,86.869,0
564,83.415,94.253,0
565,74.517,100.48,0
566,66.69,106.87,0
567,58.719,113.54,0
568,51.225,120.59,0
569,42.548,127.47,0
570,34.505,134.22,0
571,26.461,140.97,0
572,18.418,147.72,0
573,10.374,154.47,0
574,2.3307,161.22,0
575,4.154,171.56,0
576,5.9773,181.9,0
577,7.8006,192.24,0
578,9.6239,202.58,0
579,11.447,212.92,0
580,13.271,223.26,0
581,15.094,233.6,0
582,16.917,243.94,0
583,18.74,254.28,0
584,20.564,264.62,0
585,22.387,274.97,0
586,24.21,285.31,0
587,26.034,295.65,0
588,27.857,305.99,0
589,29.68,316.33,0
590,31.504,326.67,0
591,33.327,337.01,0
592,35.15,347.35,0
593,36.973,357.69,0
594,38.797,368.03,0
595,40.62,378.37,0
596,42.443,388.71,0
597,44.267,399.05,0
598,46.09,409.39,0
599,39.87,426.48,0
600,49.908,429.91,0
601,59.557,434.09,0
602,69.886,437.18,0
603,79.798,440.71,0
604,89.574,444.36,0
605,99.25,448.16,0
606,108.96,451.92,0
607,118.8,455.21,0
608,128.67,458.8,0
609,138.54,462.39,0
610,148.4,465.98,0
611,158.27,469.58,0
612,168.14,473.17,0
613,178,476.76,0
614,187.87,480.35,0
615,197.74,483.94,0
616,207.6,487.53,0
617,217.47,491.12,0
618,227.34,494.71,0
619,237.21,498.31,0
620,247.03,501.93,0
621,241.06,-3.4877,0
622,185.51,-4.354,0
623,177.46,2.3953,0
624,169.42,9.1446,0
625,161.38,15.894,0
626,153.33,22.643,0
627,145.29,29.392,0
628,137.25,36.142,0
629,129.2,42.891,0
630,121.37,49.656,0
631,113.21,56.248,0
632,105.35,62.781,0
633,97.241,69.685,0
634,88.888,76.707,0
635,80.594,83.143,0
636,72.557,90.369,0
637,64.391,96.652,0
638,56.636,103.7,0
639,48.521,110.51,0
640,40.725,117.13,0
641,32.681,123.88,0
642,24.638,130.63,0
643,16.594,137.38,0
644,8.5508,144.13,0
645,0.50738,150.88,0
646,-3.8895,178.31,0
647,-2.0662,188.65,0
648,-0.24286,198.99,0
649,1.5804,209.33,0
650,3.4037,219.67,0
651,5.2271,230.01,0
652,7.0504,240.35,0
653,8.8737,250.69,0
654,10.697,261.03,0
655,12.52,271.37,0
656,14.344,281.71,0
657,16.167,292.05,0
658,17.99,302.4,0
659,19.814,312.74,0
660,21.637,323.08,0
661,23.46,333.42,0
662,25.283,343.76,0
663,27.107,354.1,0
664,28.93,364.44,0
665,30.753,374.78,0
666,32.577,385.12,0
667,34.4,395.46,0
668,36.223,405.8,0
669,38.047,416.14,0
670,31.826,433.23,0
671,41.693,436.82,0
672,51.532,440.15,0
673,62.124,444.31,0
674,71.724,447.74,0
675,81.678,450.93,0
676,91.027,454.78,0
677,100.89,458.37,0
678,110.76,461.96,0
679,120.63,465.55,0
680,130.49,469.14,0
681,140.36,472.73,0
682,150.23,476.32,0
683,160.09,479.92,0
684,169.96,483.51,0
685,179.83,487.1,0
686,189.69,490.69,0
687,199.56,494.28,0
688,209.43,497.87,0
689,219.3,501.46,0
690,167.6,-1.1959,0
691,159.55,5.5534,0
692,151.51,12.303,0
693,143.47,19.052,0
694,135.42,25.801,0
695,127.38,32.55,0
696,119.34,39.3,0
697,111.29,46.049,0
698,103.06,52.634,0
699,95.597,59.545,0
700,87.447,65.952,0
701,79.464,72.435,0
702,70.872,79.079,0
703,62.623,86.332,0
704,54.806,92.9,0
705,46.945,100.04,0
706,38.901,106.79,0
707,30.858,113.54,0
708,22.814,120.29,0
709,14.771,127.04,0
710,6.7275,133.79,0
711,-1.3159,140.54,0
712,-4.6397,226.42,0
713,-2.8164,236.76,0
714,-0.99311,247.1,0
715,0.8302,257.44,0
716,2.6535,267.78,0
717,4.4768,278.12,0
718,6.3001,288.46,0
719,8.1234,298.8,0
720,9.9467,309.14,0
721,11.77,319.48,0
722,13.593,329.83,0
723,15.417,340.17,0
724,17.24,350.51,0
725,19.063,360.85,0
726,20.887,371.19,0
727,22.71,381.53,0
728,24.533,391.87,0
729,26.356,402.21,0
730,28.18,412.55,0
731,30.003,422.89,0
732,23.783,439.98,0
733,33.65,443.57,0
734,43.516,447.16,0
735,53.365,450.26,0
736,63.25,454.34,0
737,73.117,457.94,0
738,82.984,461.53,0
739,92.85,465.12,0
740,102.72,468.71,0
741,112.58,472.3,0
742,122.45,475.89,0
743,132.32,479.48,0
744,142.18,483.07,0
745,152.05,486.67,0
746,161.92,490.26,0
747,171.78,493.85,0
748,181.65,497.44,0
749,191.52,501.03,0
750,201.38,504.62,0
751,157.73,-4.7871,0
752,149.69,1.9621,0
753,141.64,8.7114,0
754,133.6,15.461,0
755,125.56,22.21,0
756,117.51,28.959,0
757,109.47,35.708,0
758,101.43,42.458,0
759,93.495,49.06,0
760,85.25,55.7,0
761,77.604,62.553,0
762,69.086,69.13,0
763,61.262,75.727,0
764,53.148,82.849,0
765,45.122,89.703,0
766,37.078,96.452,0
767,29.035,103.2,0
768,20.991,109.95,0
769,12.948,116.7,0
770,4.9042,123.45,0
771,-3.1392,130.2,0
772,-3.5667,284.87,0
773,-1.7433,295.21,0
774,0.079957,305.55,0
775,1.9033,315.89,0
776,3.7266,326.23,0
777,5.5499,336.57,0
778,7.3732,346.92,0
779,9.1965,357.26,0
780,11.02,367.6,0
781,12.843,377.94,0
782,14.666,388.28,0
783,16.49,398.62,0
784,18.313,408.96,0
785,20.136,419.3,0
786,21.96,429.64,0
787,15.739,446.73,0
788,25.606,450.32,0
789,35.473,453.91,0
790,45.34,457.5,0
791,55.207,461.09,0
792,65.073,464.68,0
793,74.94,468.28,0
794,84.807,471.87,0
795,94.674,475.46,0
796,104.54,479.05,0
797,114.41,482.64,0
798,124.27,486.23,0
799,134.14,489.82,0
800,144.01,493.41,0
801,153.87,497.01,0
802,163.74,500.6,0
803,173.61,504.19,0
804,139.82,-1.6291,0
805,131.78,5.1202,0
806,123.73,11.869,0
807,115.69,18.619,0
808,107.65,25.368,0
809,99.603,32.117,0
810,91.559,38.867,0
811,83.516,45.616,0
812,75.496,52.158,0
813,66.684,58.994,0
814,58.788,65.645,0
815,51.389,72.647,0
816,43.298,79.362,0
817,35.255,86.111,0
818,27.211,92.861,0
819,19.168,99.61,0
820,11.124,106.36,0
821,3.0809,113.11,0
822,-4.9625,119.86,0
823,-4.3169,332.98,0
824,-2.4936,343.32,0
825,-0.67029,353.66,0
826,1.153,364,0
827,2.9763,374.35,0
828,4.7996,384.69,0
829,6.6229,395.03,0
830,8.4462,405.37,0
831,10.27,415.71,0
832,12.093,426.05,0
833,13.916,436.39,0
834,7.696,453.48,0
835,17.563,457.07,0
836,27.43,460.66,0
837,37.296,464.25,0
838,47.163,467.84,0
839,57.03,471.43,0
840,66.897,475.03,0
841,76.763,478.62,0
842,86.63,482.21,0
843,96.497,485.8,0
844,106.36,489.39,0
845,116.23,492.98,0
846,126.1,496.57,0
847,135.96,500.16,0
848,145.83,503.76,0
849,121.91,1.529,0
850,113.87,8.2783,0
851,105.82,15.028,0
852,97.779,21.777,0
853,89.736,28.526,0
854,81.692,35.275,0
855,73.649,42.025,0
856,65.522,48.564,0
857,57.421,55.09,0
858,49.433,61.774,0
859,41.475,69.022,0
860,33.431,75.771,0
861,25.388,82.52,0
862,17.345,89.269,0
863,9.3011,96.019,0
864,1.2576,102.77,0
865,-3.2438,391.44,0
866,-1.4205,401.78,0
867,0.40278,412.12,0
868,2.2261,422.46,0
869,4.0494,432.8,0
870,5.8727,443.14,0
871,-0.34747,460.23,0
872,9.5193,463.82,0
873,19.386,467.41,0
874,29.253,471,0
875,39.12,474.59,0
876,48.986,478.18,0
877,58.853,481.77,0
878,68.72,485.37,0
879,78.587,488.96,0
880,88.453,492.55,0
881,98.32,496.14,0
882,108.19,499.73,0
883,118.05,503.32,0
884,112.04,-2.0622,0
885,104,4.687,0
886,95.956,11.436,0
887,87.912,18.186,0
888,79.869,24.935,0
889,71.826,31.684,0
890,63.782,38.433,0
891,55.738,45.179,0
892,47.686,51.544,0
893,39.652,58.681,0
894,31.608,65.43,0
895,23.565,72.18,0
896,15.521,78.929,0
897,7.4778,85.678,0
898,-0.56568,92.428,0
899,-3.9941,439.55,0
900,-2.1708,449.89,0
901,1.4758,470.57,0
902,11.343,474.16,0
903,21.209,477.75,0
904,31.076,481.34,0
905,40.943,484.93,0
906,50.81,488.52,0
907,60.676,492.12,0
908,70.543,495.71,0
909,80.41,499.3,0
910,90.277,502.89,0
911,94.133,1.0958,0
912,86.089,7.8451,0
913,78.046,14.594,0
914,70.002,21.344,0
915,61.959,28.093,0
916,53.915,34.842,0
917,45.872,41.591,0
918,37.828,48.341,0
919,29.785,55.09,0
920,21.741,61.839,0
921,13.698,68.589,0
922,5.6545,75.338,0
923,-2.389,82.087,0
924,3.2991,480.91,0
925,13.166,484.5,0
926,23.033,488.09,0
927,32.899,491.68,0
928,42.766,495.27,0
929,52.633,498.86,0
930,62.5,502.46,0
931,84.266,-2.4954,0
932,76.222,4.2539,0
933,68.179,11.003,0
934,60.135,17.752,0
935,52.092,24.502,0
936,44.049,31.251,0
937,36.005,38,0
938,27.962,44.75,0
939,19.918,51.499,0
940,11.875,58.248,0
941,3.8312,64.997,0
942,-4.2123,71.747,0
943,-4.7443,487.66,0
944,5.1225,491.25,0
945,14.989,494.84,0
946,24.856,498.43,0
947,34.723,502.02,0
948,66.356,0.66268,0
949,58.312,7.412,0
950,50.269,14.161,0
951,42.225,20.91,0
952,34.182,27.66,0
953,26.138,34.409,0
954,18.095,41.158,0
955,10.051,47.908,0
956,2.0079,54.657,0
957,-2.921,498,0
958,6.9458,501.59,0
959,56.489,-2.9285,0
960,48.445,3.8207,0
961,40.402,10.57,0
962,32.358,17.319,0
963,24.315,24.069,0
964,16.271,30.818,0
965,8.228,37.567,0
966,0.18456,44.316,0
967,38.579,0.22953,0
968,30.535,6.9788,0
969,22.492,13.728,0
970,14.448,20.477,0
971,6.4047,27.227,0
972,-1.6387,33.976,0
973,28.712,-3.3617,0
974,20.668,3.3876,0
975,12.625,10.137,0
976,4.5814,16.886,0
977,-3.4621,23.635,0
978,10.802,-0.20363,0
979,2.7581,6.5456,0
980,0.9348,-3.7948,0
981,352,363.43,0
982,361.64,360.38,0
983,372.17,356.77,0
984,373.86,346.25,0
985,396.57,211.09,0
986,399.29,200.2,0
987,279.5,98.972,0
988,260.93,405.51,0
989,271.79,403.3,0
990,291.87,395.62,0
991,320.74,385.01,0
992,330.99,381.32,0
993,340.75,377.33,0
994,350.83,373.8,0
995,360.29,370.41,0
996,370.11,366.71,0
997,380.24,363.26,0
998,381.75,353,0
999,383.42,342.65,0
1000,385.87,332.12,0
1001,387.04,321.4,0
1002,401.63,239.2,0
1003,404.19,228.42,0
1004,405.24,218.1,0
1005,406.5,207.87,0
1006,409.34,197.88,0
1007,400.7,190.24,0
1008,393.05,183.4,0
1009,385.29,177,0
1010,297.57,102.69,0
1011,289.17,95.62,0
1012,281.32,88.825,0
1013,270.63,92.306,0
1014,260.56,95.797,0
1015,250.7,418.6,0
1016,260.33,415.73,0
1017,270.06,413.2,0
1018,279.56,409.9,0
1019,289.24,406.22,0
1020,299.63,402.01,0
1021,308.81,397.64,0
1022,318.86,395.45,0
1023,328.48,391.7,0
1024,338.14,388.58,0
1025,347.96,384.37,0
1026,358.44,381.27,0
1027,368.06,377.18,0
1028,377.9,373.06,0
1029,387.92,369.77,0
1030,389.86,359.26,0
1031,392.35,349.02,0
1032,394,338.84,0
1033,395.12,328.13,0
1034,397.44,318.11,0
1035,399.13,307.48,0
1036,401.02,297.48,0
1037,400.05,286.68,0
1038,403.19,276.92,0
1039,406.25,266.75,0
1040,408.1,255.37,0
1041,409.8,245.46,0
1042,411.43,235.41,0
1043,413.33,224.24,0
1044,415.04,213.84,0
1045,417.41,203.88,0
1046,419.11,193.43,0
1047,410.5,187.39,0
1048,402.94,180.23,0
1049,394.88,173.51,0
1050,386.52,166.87,0
1051,378.2,160.13,0
1052,370.29,152.99,0
1053,362.83,145.52,0
1054,354.35,139.89,0
1055,331.21,120.28,0
1056,323,112.22,0
1057,314.87,105.56,0
1058,307.1,98.82,0
1059,298.85,92.485,0
1060,290.6,84.855,0
1061,282.43,78.402,0
1062,273.2,82.381,0
1063,262.39,85.759,0
1064,257.74,426.02,0
1065,268.26,423.27,0
1066,278.08,420.04,0
1067,287.56,416.21,0
1068,297.28,412.43,0
1069,306.8,409.05,0
1070,316.43,405.44,0
1071,326.76,402.06,0
1072,336.9,398.59,0
1073,346.48,394.53,0
1074,356.52,391.22,0
1075,366.68,387.52,0
1076,376.14,383.41,0
1077,385.93,380.26,0
1078,396.25,376.37,0
1079,397.29,366.13,0
1080,399.56,356.26,0
1081,402.07,345.17,0
1082,403.61,335.23,0
1083,405.13,324.57,0
1084,407.42,314.36,0
1085,408.84,303.79,0
1086,410.69,293.59,0
1087,411.21,283.08,0
1088,414.17,273.34,0
1089,416.18,262.64,0
1090,417.68,252.34,0
1091,419.47,241.55,0
1092,421.1,231.15,0
1093,422.89,221.12,0
1094,425.5,211.28,0
1095,427.31,200.15,0
1096,428.98,190.22,0
1097,420.52,183.29,0
1098,412.47,177.04,0
1099,404.42,170.02,0
1100,396.79,163.15,0
1101,388.09,156.78,0
1102,380.05,150.14,0
1103,372.69,142.96,0
1104,364.63,135.52,0
1105,356.65,129.41,0
1106,349.02,122.51,0
1107,340.91,115.98,0
1108,332.57,109.13,0
1109,324.94,101.99,0
1110,316.56,95.327,0
1111,308.44,88.746,0
1112,300.39,82.091,0
1113,292.05,74.559,0
1114,283.7,68.136,0
1115,274.25,71.989,0
1116,264.29,75.675,0
1117,254.77,79.12,0
1118,254.68,435.63,0
1119,265.81,433.34,0
1120,276.1,429.91,0
1121,286.01,426.77,0
1122,295.48,422.63,0
1123,305.01,419.24,0
1124,314.63,415.47,0
1125,324.82,412.3,0
1126,334.73,408.58,0
1127,344.84,405.43,0
1128,354.18,401.29,0
1129,364.26,398.17,0
1130,374.52,394.69,0
1131,384.21,391.01,0
1132,394.24,387.03,0
1133,404.14,383.22,0
1134,405.92,373,0
1135,407.99,362.29,0
1136,409.62,351.8,0
1137,411.54,341.66,0
1138,413.54,331.79,0
1139,415.06,321.37,0
1140,417.02,310.99,0
1141,418.66,300.56,0
1142,420.27,290.31,0
1143,421.85,280.38,0
1144,423.7,270.15,0
1145,425.72,259.44,0
1146,427.24,248.93,0
1147,428.93,238.13,0
1148,430.86,227.76,0
1149,433.21,217.79,0
1150,435.23,207.4,0
1151,437.07,196.84,0
1152,438.53,186.87,0
1153,430.42,179.94,0
1154,422.72,172.79,0
1155,414.8,166.6,0
1156,406.78,159.78,0
1157,398.44,153.04,0
1158,390.45,146.23,0
1159,382.96,139.41,0
1160,374.29,132.75,0
1161,366.04,125.49,0
1162,358.59,118.74,0
1163,350.22,111.88,0
1164,342.22,105.53,0
1165,334.5,98.654,0
1166,326.54,92.018,0
1167,318.37,85.414,0
1168,310.19,78.607,0
1169,301.72,71.333,0
1170,293.62,64.508,0
1171,285.54,57.912,0
1172,275.59,61.883,0
1173,265.48,65.623,0
1174,255.15,68.929,0
1175,254.99,446.58,0
1176,264.52,443.3,0
1177,274.1,439.87,0
1178,283.93,436.95,0
1179,293.65,433.36,0
1180,303.63,429.35,0
1181,313.32,425.57,0
1182,323.02,422.46,0
1183,332.74,418.72,0
1184,343.04,415.33,0
1185,352.9,411.58,0
1186,362.31,408.03,0
1187,372.54,404.68,0
1188,382.44,401.36,0
1189,392.04,397.68,0
1190,402.56,393.74,0
1191,411.82,389.75,0
1192,414.15,379.36,0
1193,416.25,369.32,0
1194,417.47,358.96,0
1195,419.34,348.56,0
1196,421.08,338.46,0
1197,423.25,328.17,0
1198,424.89,317.73,0
1199,426.44,307.09,0
1200,428.47,297.24,0
1201,430.38,287.24,0
1202,431.39,277.09,0
1203,433.37,267.08,0
1204,435.24,256.22,0
1205,436.93,245.13,0
1206,438.55,235.21,0
1207,441.25,224.65,0
1208,443.23,214.74,0
1209,444.58,203.61,0
1210,446.88,193.19,0
1211,448.29,182.96,0
1212,440.34,176.45,0
1213,432.42,169.16,0
1214,424.62,162.69,0
1215,416.68,155.92,0
1216,408.61,148.29,0
1217,400.17,142.09,0
1218,392.38,135.28,0
1219,383.66,129.02,0
1220,375.9,122.61,0
1221,368.2,115,0
1222,359.85,108.5,0
1223,352.18,101.84,0
1224,344.1,95.433,0
1225,336.39,88.755,0
1226,327.96,81.417,0
1227,319.8,75.464,0
1228,311.85,68.695,0
1229,303.91,61.525,0
1230,295.23,54.496,0
1231,287.52,47.818,0
1232,277.7,51.481,0
1233,267.86,55.353,0
1234,257.13,58.86,0
1235,262.04,454.19,0
1236,271.74,450.71,0
1237,281.46,446.87,0
1238,291.71,443.33,0
1239,301.54,439.95,0
1240,311.49,436.15,0
1241,321.2,432.48,0
1242,331.14,428.88,0
1243,341.09,425.52,0
1244,351.32,421.6,0
1245,361.13,418.11,0
1246,370.77,414.78,0
1247,380.42,411.35,0
1248,390.58,407.75,0
1249,401.02,403.97,0
1250,410.68,400.59,0
1251,419.98,396.68,0
1252,421.51,386.38,0
1253,423.98,376.01,0
1254,425.83,365.23,0
1255,427.39,355.08,0
1256,429.27,345.1,0
1257,430.7,335.16,0
1258,432.94,323.77,0
1259,435.33,313.94,0
1260,436.75,303.66,0
1261,438.76,293.44,0
1262,440.26,283.02,0
1263,441.62,272.94,0
1264,444.01,262.7,0
1265,445.42,252.06,0
1266,446.53,242.07,0
1267,449.11,230.99,0
1268,451.33,220.81,0
1269,452.73,210.61,0
1270,454.56,200.27,0
1271,456.38,189.93,0
1272,458.2,179.58,0
1273,450.53,172.76,0
1274,442.02,166.12,0
1275,434.07,158.84,0
1276,426.45,152.03,0
1277,418.45,145.52,0
1278,409.7,138,0
1279,402.33,131.16,0
1280,394.22,125.12,0
1281,386.28,118.73,0
1282,377.94,112.41,0
1283,369.76,104.81,0
1284,362.14,98.192,0
1285,353.89,91.598,0
1286,345.77,84.925,0
1287,337.41,77.816,0
1288,329.59,71.479,0
1289,321.47,65.437,0
1290,313.66,58.334,0
1291,305.23,50.99,0
1292,297.33,44.599,0
1293,289.29,37.85,0
1294,279.42,41.441,0
1295,269.56,45.032,0
1296,259.9,48.804,0
1297,249.85,48.477,0
1298,260.22,464.53,0
1299,270.09,460.94,0
1300,279.95,457.35,0
1301,289.82,453.76,0
1302,299.62,450.49,0
1303,309.72,446.4,0
1304,319.5,442.73,0
1305,329.48,439.07,0
1306,339.41,435.61,0
1307,349.24,432.06,0
1308,358.85,428.45,0
1309,369.22,424.78,0
1310,378.8,421.28,0
1311,388.61,417.65,0
1312,398.51,413.93,0
1313,408.63,410.55,0
1314,418.67,407.28,0
1315,428.22,403.67,0
1316,429.9,392.56,0
1317,431.81,382.4,0
1318,433.63,372.5,0
1319,435.52,361.96,0
1320,437.15,352.01,0
1321,439.01,341.41,0
1322,441,331.38,0
1323,443.13,321.02,0
1324,444.71,310.04,0
1325,446.65,300.03,0
1326,448.13,289.8,0
1327,450.28,279.4,0
1328,451.98,269.38,0
1329,453.48,258.72,0
1330,455.31,248.38,0
1331,457.13,238.04,0
1332,458.95,227.7,0
1333,460.78,217.36,0
1334,462.6,207.01,0
1335,464.42,196.67,0
1336,466.25,186.33,0
1337,468.07,175.99,0
1338,460.03,169.24,0
1339,452.1,162.74,0
1340,444.43,155.77,0
1341,436.07,148.95,0
1342,427.87,141.91,0
1343,419.87,135.41,0
1344,412.43,128.28,0
1345,404.73,121.38,0
1346,395.68,115.14,0
1347,387.7,108.42,0
1348,380.04,101.38,0
1349,372.44,94.763,0
1350,363.3,88.03,0
1351,355.18,81.398,0
1352,347.35,74.736,0
1353,339.63,67.478,0
1354,331.26,60.775,0
1355,323.47,54.1,0
1356,315.22,48.341,0
1357,307.2,41.008,0
1358,299.16,34.259,0
1359,291.11,27.509,0
1360,281.25,31.101,0
1361,271.38,34.692,0
1362,261.76,38.533,0
1363,258.4,474.88,0
1364,268.26,471.28,0
1365,278.13,467.69,0
1366,288,464.1,0
1367,297.86,460.51,0
1368,307.73,456.92,0
1369,317.6,453.33,0
1370,327.39,449.76,0
1371,337.5,445.71,0
1372,347.49,442.38,0
1373,357.31,439.31,0
1374,367.27,436.04,0
1375,377.03,431.73,0
1376,387.04,427.67,0
1377,396.49,424.07,0
1378,406.14,420.48,0
1379,415.91,417.55,0
1380,426.59,414.43,0
1381,436.04,410.65,0
1382,437.62,399.75,0
1383,440.17,389.67,0
1384,441.87,379.25,0
1385,443.45,368.79,0
1386,445.42,358.71,0
1387,446.89,348.47,0
1388,448.86,337.64,0
1389,451.09,327.61,0
1390,452.85,317.05,0
1391,454.23,306.83,0
1392,456.06,296.49,0
1393,457.88,286.15,0
1394,459.7,275.81,0
1395,461.53,265.47,0
1396,463.35,255.13,0
1397,465.17,244.79,0
1398,467,234.45,0
1399,468.82,224.1,0
1400,470.64,213.76,0
1401,472.47,203.42,0
1402,474.29,193.08,0
1403,476.11,182.74,0
1404,477.94,172.4,0
1405,469.89,165.65,0
1406,461.85,158.9,0
1407,453.81,152.15,0
1408,445.81,145.52,0
1409,437.71,138.88,0
1410,430.18,132.08,0
1411,422.46,124.89,0
1412,414.48,118.04,0
1413,405.65,111.37,0
1414,397.83,105.06,0
1415,389.65,97.711,0
1416,381.7,90.845,0
1417,373.08,84.458,0
1418,365.46,77.863,0
1419,357.23,71.398,0
1420,349.75,64.645,0
1421,340.95,57.489,0
1422,333.25,50.651,0
1423,325.11,44.166,0
1424,317.07,37.417,0
1425,309.02,30.667,0
1426,300.98,23.918,0
1427,292.94,17.169,0
1428,283.07,20.76,0
1429,273.51,24.239,0
1430,264.06,27.66,0
1431,254.72,31.362,0
1432,256.57,485.22,0
1433,266.44,481.62,0
1434,276.31,478.03,0
1435,286.17,474.44,0
1436,296.04,470.85,0
1437,305.91,467.26,0
1438,315.78,463.67,0
1439,325.64,460.08,0
1440,335.51,456.49,0
1441,345.38,452.89,0
1442,355.17,449.56,0
1443,365.55,446.14,0
1444,375.37,442.01,0
1445,384.9,438.04,0
1446,394.95,434.33,0
1447,404.8,430.89,0
1448,414.27,427.49,0
1449,424.47,424.53,0
1450,434.3,420.87,0
1451,443.99,417.23,0
1452,445.61,406.66,0
1453,447.7,396.44,0
1454,449.66,386.34,0
1455,451.51,375.62,0
1456,453.16,365.28,0
1457,454.98,354.94,0
1458,456.81,344.6,0
1459,458.63,334.26,0
1460,460.45,323.92,0
1461,462.28,313.58,0
1462,464.1,303.24,0
1463,465.92,292.9,0
1464,467.75,282.56,0
1465,469.57,272.22,0
1466,471.39,261.88,0
1467,473.22,251.53,0
1468,475.04,241.19,0
1469,476.86,230.85,0
1470,478.69,220.51,0
1471,480.51,210.17,0
1472,482.33,199.83,0
1473,484.16,189.49,0
1474,485.98,179.15,0
1475,487.8,168.81,0
1476,479.76,162.06,0
1477,471.72,155.31,0
1478,463.67,148.56,0
1479,455.63,141.81,0
1480,448,134.89,0
1481,440,128.75,0
1482,432.16,121.7,0
1483,424.02,114.42,0
1484,415.48,107.92,0
1485,407.32,100.91,0
1486,399.37,94.197,0
1487,391.28,86.808,0
1488,382.67,80.253,0
1489,374.69,73.724,0
1490,366.51,67.447,0
1491,359.11,60.639,0
1492,351,53.806,0
1493,343.02,47.324,0
1494,334.98,40.575,0
1495,326.93,33.826,0
1496,318.89,27.076,0
1497,310.85,20.327,0
1498,302.8,13.578,0
1499,294.76,6.8284,0
1500,284.89,10.42,0
1501,275.03,14.011,0
1502,265.16,17.602,0
1503,255.29,21.193,0
1504,254.79,495.53,0
1505,264.62,491.96,0
1506,274.48,488.37,0
1507,284.35,484.78,0
1508,294.22,481.19,0
1509,304.09,477.6,0
1510,313.95,474.01,0
1511,323.82,470.42,0
1512,333.69,466.83,0
1513,343.55,463.24,0
1514,353.42,459.64,0
1515,363.29,456.05,0
1516,373.93,452.11,0
1517,383.49,448.5,0
1518,392.75,444.35,0
1519,402.59,441.35,0
1520,412.18,437.79,0
1521,422.49,434.73,0
1522,432.83,430.93,0
1523,442.48,427.53,0
1524,452.16,423.83,0
1525,453.91,413.39,0
1526,455.73,403.05,0
1527,457.56,392.71,0
1528,459.38,382.37,0
1529,461.2,372.03,0
1530,463.03,361.69,0
1531,464.85,351.35,0
1532,466.67,341.01,0
1533,468.5,330.67,0
1534,470.32,320.33,0
1535,472.14,309.99,0
1536,473.97,299.65,0
1537,475.79,289.31,0
1538,477.61,278.97,0
1539,479.44,268.62,0
1540,481.26,258.28,0
1541,483.08,247.94,0
1542,484.91,237.6,0
1543,486.73,227.26,0
1544,488.55,216.92,0
1545,490.38,206.58,0
1546,492.2,196.24,0
1547,494.02,185.9,0
1548,495.85,175.56,0
1549,497.67,165.22,0
1550,489.63,158.47,0
1551,481.58,151.72,0
1552,473.54,144.97,0
1553,465.5,138.22,0
1554,457.45,131.47,0
1555,449.86,124.72,0
1556,441.85,117.77,0
1557,433.86,111.59,0
1558,425.24,104.26,0
1559,417.07,97.272,0
1560,408.98,90.816,0
1561,400.99,84.034,0
1562,392.14,76.794,0
1563,384.13,70.079,0
1564,376.73,63.228,0
1565,368.7,56.802,0
1566,361.11,50.21,0
1567,352.89,43.733,0
1568,344.84,36.984,0
1569,336.8,30.234,0
1570,328.76,23.485,0
1571,320.71,16.736,0
1572,312.67,9.9865,0
1573,304.63,3.2372,0
1574,296.58,-3.512,0
1575,286.72,0.079176,0
1576,276.85,3.6704,0
1577,266.98,7.2616,0
1578,257.12,10.853,0
1579,262.79,502.31,0
1580,272.66,498.71,0
1581,282.53,495.12,0
1582,292.4,491.53,0
1583,302.26,487.94,0
1584,312.13,484.35,0
1585,322,480.76,0
1586,331.86,477.17,0
1587,341.73,473.58,0
1588,351.6,469.98,0
1589,361.46,466.39,0
1590,371.33,462.8,0
1591,381.2,459.21,0
1592,391.06,455.62,0
1593,401.02,452.5,0
1594,411.01,448.67,0
1595,420.35,444.57,0
1596,430.77,441.6,0
1597,441.19,438.08,0
1598,450.63,434.33,0
1599,460.13,430.48,0
1600,461.95,420.14,0
1601,463.78,409.8,0
1602,465.6,399.46,0
1603,467.42,389.12,0
1604,469.25,378.78,0
1605,471.07,368.44,0
1606,472.89,358.1,0
1607,474.72,347.76,0
1608,476.54,337.42,0
1609,478.36,327.08,0
1610,480.19,316.74,0
1611,482.01,306.4,0
1612,483.83,296.05,0
1613,485.66,285.71,0
1614,487.48,275.37,0
1615,489.3,265.03,0
1616,491.13,254.69,0
1617,492.95,244.35,0
1618,494.77,234.01,0
1619,496.6,223.67,0
1620,498.42,213.33,0
1621,500.24,202.99,0
1622,502.07,192.65,0
1623,503.89,182.31,0
1624,499.49,154.88,0
1625,491.45,148.13,0
1626,483.41,141.38,0
1627,475.36,134.63,0
1628,467.32,127.88,0
1629,459.28,121.13,0
1630,451.37,114.3,0
1631,443.43,107.68,0
1632,435.46,101.11,0
1633,426.52,93.721,0
1634,418.74,87.26,0
1635,410.69,80.777,0
1636,402.9,73.891,0
1637,394.17,66.942,0
1638,386.63,59.878,0
1639,378.88,53.379,0
1640,370.8,46.891,0
1641,362.75,40.142,0
1642,354.71,33.392,0
1643,346.67,26.643,0
1644,338.62,19.894,0
1645,330.58,13.145,0
1646,322.54,6.3953,0
1647,314.49,-0.35398,0
1648,268.81,-3.0789,0
1649,258.94,0.51233,0
1650,290.57,501.87,0
1651,300.44,498.28,0
1652,310.31,494.69,0
1653,320.17,491.1,0
1654,330.04,487.51,0
1655,339.91,483.92,0
1656,349.77,480.32,0
1657,359.64,476.73,0
1658,369.51,473.14,0
1659,379.37,469.55,0
1660,389.24,465.96,0
1661,399.11,462.37,0
1662,408.97,458.78,0
1663,418.84,455.19,0
1664,428.73,451.59,0
1665,438.99,447.94,0
1666,448.93,444.5,0
1667,458.31,440.82,0
1668,468.17,437.23,0
1669,470,426.89,0
1670,471.82,416.55,0
1671,473.64,406.21,0
1672,475.47,395.87,0
1673,477.29,385.53,0
1674,479.11,375.19,0
1675,480.94,364.85,0
1676,482.76,354.51,0
1677,484.58,344.17,0
1678,486.41,333.83,0
1679,488.23,323.48,0
1680,490.05,313.14,0
1681,491.88,302.8,0
1682,493.7,292.46,0
1683,495.52,282.12,0
1684,497.35,271.78,0
1685,499.17,261.44,0
1686,500.99,251.1,0
1687,502.82,240.76,0
1688,504.64,230.42,0
1689,501.32,144.54,0
1690,493.27,137.79,0
1691,485.23,131.04,0
1692,477.19,124.29,0
1693,469.14,117.54,0
1694,461.1,110.79,0
1695,453.06,104.04,0
1696,445.08,97.054,0
1697,437.17,90.531,0
1698,429.06,83.478,0
1699,420.95,77.344,0
1700,412.81,70.562,0
1701,405.39,63.266,0
1702,396.36,56.597,0
1703,388.55,49.746,0
1704,380.66,43.3,0
1705,372.62,36.55,0
1706,364.58,29.801,0
1707,356.53,23.052,0
1708,348.49,16.303,0
1709,340.45,9.5534,0
1710,332.4,2.8041,0
1711,324.36,-3.9452,0
1712,318.35,501.44,0
1713,328.22,497.85,0
1714,338.08,494.26,0
1715,347.95,490.67,0
1716,357.82,487.07,0
1717,367.68,483.48,0
1718,377.55,479.89,0
1719,387.42,476.3,0
1720,397.28,472.71,0
1721,407.15,469.12,0
1722,417.02,465.53,0
1723,426.88,461.94,0
1724,436.75,458.34,0
1725,446.62,454.75,0
1726,456.48,451.16,0
1727,466.35,447.57,0
1728,476.22,443.98,0
1729,478.04,433.64,0
1730,479.86,423.3,0
1731,481.69,412.96,0
1732,483.51,402.62,0
1733,485.33,392.28,0
1734,487.16,381.94,0
1735,488.98,371.6,0
1736,490.8,361.26,0
1737,492.63,350.92,0
1738,494.45,340.57,0
1739,496.27,330.23,0
1740,498.1,319.89,0
1741,499.92,309.55,0
1742,501.74,299.21,0
1743,503.57,288.87,0
1744,503.14,134.2,0
1745,495.1,127.45,0
1746,487.05,120.7,0
1747,479.01,113.95,0
1748,470.97,107.2,0
1749,462.92,100.45,0
1750,454.88,93.703,0
1751,447.12,87.161,0
1752,439.14,80.444,0
1753,430.82,73.369,0
1754,422.49,66.755,0
1755,415,59.81,0
1756,406.5,53.084,0
1757,398.57,46.458,0
1758,390.53,39.708,0
1759,382.49,32.959,0
1760,374.44,26.21,0
1761,366.4,19.461,0
1762,358.36,12.711,0
1763,350.31,5.9621,0
1764,342.27,-0.78713,0
1765,336.26,504.6,0
1766,346.13,501.01,0
1767,355.99,497.41,0
1768,365.86,493.82,0
1769,375.73,490.23,0
1770,385.59,486.64,0
1771,395.46,483.05,0
1772,405.33,479.46,0
1773,415.19,475.87,0
1774,425.06,472.28,0
1775,434.93,468.68,0
1776,444.79,465.09,0
1777,454.66,461.5,0
1778,464.53,457.91,0
1779,474.39,454.32,0
1780,484.26,450.73,0
1781,486.08,440.39,0
1782,487.91,430.05,0
1783,489.73,419.71,0
1784,491.55,409.37,0
1785,493.38,399.03,0
1786,495.2,388.69,0
1787,497.02,378.35,0
1788,498.85,368,0
1789,500.67,357.66,0
1790,502.49,347.32,0
1791,504.32,336.98,0
1792,504.96,123.86,0
1793,496.92,117.11,0
1794,488.88,110.36,0
1795,480.83,103.61,0
1796,472.79,96.861,0
1797,464.75,90.111,0
1798,456.7,83.362,0
1799,448.34,76.407,0
1800,440.08,69.373,0
1801,432.19,63.136,0
1802,424.43,56.336,0
1803,416.62,49.566,0
1804,408.44,42.867,0
1805,400.4,36.117,0
1806,392.35,29.368,0
1807,384.31,22.619,0
1808,376.27,15.869,0
1809,368.22,9.1202,0
1810,360.18,2.3709,0
1811,352.14,-4.3783,0
1812,364.04,504.16,0
1813,373.9,500.57,0
1814,383.77,496.98,0
1815,393.64,493.39,0
1816,403.5,489.8,0
1817,413.37,486.21,0
1818,423.24,482.62,0
1819,433.1,479.03,0
1820,442.97,475.43,0
1821,452.84,471.84,0
1822,462.7,468.25,0
1823,472.57,464.66,0
1824,482.44,461.07,0
1825,492.3,457.48,0
1826,494.13,447.14,0
1827,495.95,436.8,0
1828,497.77,426.46,0
1829,499.6,416.12,0
1830,501.42,405.78,0
1831,503.24,395.44,0
1832,498.74,106.77,0
1833,490.7,100.02,0
1834,482.66,93.269,0
1835,474.61,86.52,0
1836,466.57,79.771,0
1837,458.53,73.022,0
1838,450.54,66.594,0
1839,441.89,59.223,0
1840,434.19,52.658,0
1841,426.35,46.025,0
1842,418.31,39.275,0
1843,410.26,32.526,0
1844,402.22,25.777,0
1845,394.18,19.028,0
1846,386.13,12.278,0
1847,378.09,5.529,0
1848,370.05,-1.2203,0
1849,391.81,503.73,0
1850,401.68,500.14,0
1851,411.55,496.55,0
1852,421.41,492.96,0
1853,431.28,489.37,0
1854,441.15,485.77,0
1855,451.01,482.18,0
1856,460.88,478.59,0
1857,470.75,475,0
1858,480.61,471.41,0
1859,490.48,467.82,0
1860,500.35,464.23,0
1861,502.17,453.89,0
1862,503.99,443.55,0
1863,500.57,96.428,0
1864,492.52,89.678,0
1865,484.48,82.929,0
1866,476.44,76.18,0
1867,468.39,69.43,0
1868,460.35,62.681,0
1869,451.94,56.057,0
1870,444.42,49.164,0
1871,436.22,42.433,0
1872,428.17,35.684,0
1873,420.13,28.935,0
1874,412.09,22.186,0
1875,404.04,15.436,0
1876,396,8.687,0
1877,387.96,1.9378,0
1878,379.91,-4.8115,0
1879,419.59,503.3,0
1880,429.46,499.71,0
1881,439.32,496.12,0
1882,449.19,492.52,0
1883,459.06,488.93,0
1884,468.92,485.34,0
1885,478.79,481.75,0
1886,488.66,478.16,0
1887,498.52,474.57,0
1888,502.39,86.087,0
1889,494.35,79.338,0
1890,486.3,72.589,0
1891,478.26,65.839,0
1892,470.22,59.09,0
1893,462.17,52.341,0
1894,454.13,45.591,0
1895,446.08,38.842,0
1896,438.04,32.093,0
1897,430,25.344,0
1898,421.95,18.594,0
1899,413.91,11.845,0
1900,405.87,5.0958,0
1901,397.82,-1.6534,0
1902,447.37,502.86,0
1903,457.23,499.27,0
1904,467.1,495.68,0
1905,476.97,492.09,0
1906,486.83,488.5,0
1907,496.7,484.91,0
1908,504.21,75.747,0
1909,496.17,68.997,0
1910,488.13,62.248,0
1911,480.08,55.499,0
1912,472.04,48.75,0
1913,463.99,42,0
1914,455.95,35.251,0
1915,447.91,28.502,0
1916,439.86,21.752,0
1917,431.82,15.003,0
1918,423.78,8.2539,0
1919,415.73,1.5046,0
1920,475.14,502.43,0
1921,485.01,498.84,0
1922,494.88,495.25,0
1923,504.74,491.66,0
1924,497.99,58.657,0
1925,489.95,51.908,0
1926,481.91,45.158,0
1927,473.86,38.409,0
1928,465.82,31.66,0
1929,457.77,24.91,0
1930,449.73,18.161,0
1931,441.69,11.412,0
1932,433.64,4.6627,0
1933,425.6,-2.0866,0
1934,502.92,502,0
1935,499.82,48.316,0
1936,491.77,41.567,0
1937,483.73,34.818,0
1938,475.69,28.069,0
1939,467.64,21.319,0
1940,459.6,14.57,0
1941,451.55,7.8207,0
1942,443.51,1.0715,0
1943,501.64,37.976,0
1944,493.6,31.227,0
1945,485.55,24.477,0
1946,477.51,17.728,0
1947,469.46,10.979,0
1948,461.42,4.2295,0
1949,453.38,-2.5197,0
1950,503.46,27.635,0
1951,495.42,20.886,0
1952,487.38,14.137,0
1953,479.33,7.3876,0
1954,471.29,0.63832,0
1955,497.24,10.546,0
1956,489.2,3.7964,0
1957,481.15,-2.9529,0
1958,499.07,0.20516,0
1959,322.42,374.89,1
1960,197.69,376.62,1
1961,232.78,167.93,1
1962,344.22,250.04,1
1963,271.86,141.28,1
1964,286.98,367.77,1
1965,165.95,250.17,1
1966,308.03,350.01,1
1967,140.28,259.67,1
1968,161.29,277.29,1
1969,339.72,222.28,1
1970,240.25,140.37,1
1971,318.59,240.43,1
1972,312.6,377.64,1
1973,218.37,395.03,1
1974,281.28,340.83,1
1975,365.32,232.44,1
1976,223.43,367.95,1
1977,211.98,150.42,1
1978,268.31,113.45,1
1979,202.49,349.79,1
1980,276.77,168.76,1
1981,144.48,231.5,1
1982,176.31,359,1
1983,187.14,267.58,1
1984,323.22,267.57,1
1985,207.51,178.05,1
1986,135.35,286.77,1
1987,229.41,195.27,1
1988,370.06,259.43,1
1989,334.03,360,1
1990,259.86,358.1,1
1991,303.16,322.72,1
1992,124.46,176.52,1
1993,348.86,277.45,1
1994,314,213.21,1
1995,292.99,123.91,1
1996,297.64,150.95,1
1997,250.3,159.33,1
1998,170.53,222.57,1
1999,360.73,204.63,1
2000,191.62,240.22,1
2001,265.83,385.57,1
2002,119.08,241.52,1
2003,328.87,332.57,1
2004,155.34,139.8,1
2005,162.14,132.4,1
2006,254.53,187.06,1
2007,182.59,294.96,1
2008,114.11,268.83,1
2009,156.64,304.21,1
2010,216.56,123.28,1
2011,334.86,195.21,1
2012,261.62,250.8,1
2013,150.75,167.19,1
2014,297.45,258.29,1
2015,240.14,304.96,1
2016,228.39,340.34,1
2017,292.81,231.01,1
2018,391.49,241.43,1
2019,277.43,313.86,1
2020,186.14,160.39,1
2021,180.68,331.67,1
2022,245.83,132.01,1
2023,386.75,214.12,1
2024,266.45,277.8,1
2025,358.81,167.84,1
2026,203.21,205.03,1
2027,302.62,178.17,1
2028,190.82,132.94,1
2029,149.24,204.5,1
2030,327.76,295.11,1
2031,328.28,130.54,1
2032,321.27,122.8,1
2033,123.45,213.95,1
2034,208.17,285.21,1
2035,212.68,257.83,1
2036,365.35,339.91,1
2037,281.36,196.6,1
2038,318.65,133.41,1
2039,374.76,287.06,1
2040,206.83,322.67,1
2041,108.68,296.82,1
2042,381.53,294.48,1
2043,154.64,341.13,1
2044,354.82,341.81,1
2045,123.78,321.6,1
2046,130.69,313.96,1
2047,301.91,286.08,1
2048,181.89,187.57,1
2049,222.53,259.82,1
2050,324.36,304.89,1
2051,224.35,222.46,1
2052,196.46,212.57,1
2053,396.04,269.85,1
2054,120.65,204.3,1
2055,333.25,158.16,1
2056,309.09,185.88,1
2057,218.06,287.03,1
2058,355.93,177.48,1
2059,146.51,194.71,1
2060,298.46,295.76,1
2061,288.16,204.01,1
2062,177.95,321.99,1
2063,176.39,157.93,1
2064,353.77,305.07,1
2065,323.45,160.41,1
2066,360.58,312.47,1
2067,235.08,332.83,1
2068,382.21,187.23,1
2069,270.75,306.34,1
2070,217.58,229.97,1
2071,175.08,194.95,1
2072,389.15,204.32,1
2073,181.01,130.79,1
2074,259.8,215.1,1
2075,350.34,314.7,1
2076,271.43,248.58,1
2077,203.64,313.03,1
2078,283,233.24,1
2079,151.83,331.33,1
2080,287.59,260.5,1
2081,212.88,113.21,1
2082,165.22,142.67,1
2083,144.56,338.87,1
2084,330.37,168.03,1
2085,227.39,232.17,1
2086,276.28,275.67,1
2087,248.87,251.17,1
2088,171.99,185.39,1
2089,185.61,304.7,1
2090,213.47,315.13,1
2091,232.45,312.79,1
2092,103.68,265.99,1
2093,363.85,195.07,1
2094,240.55,102.75,1
2095,177.59,214.87,1
2096,159.78,313.76,1
2097,108.4,239.19,1
2098,267.11,222,1
2099,160.54,169.44,1
2100,245.34,387.1,1
2101,307.24,205.78,1
2102,128.44,186.61,1
2103,273.26,285.26,1
2104,234.26,275.8,1
2105,244.32,277.26,1
2106,307.45,148.75,1
2107,187.49,122.7,1
2108,343.68,357.18,1
2109,337.92,185.63,1
2110,198.71,232.23,1
2111,306.54,313.16,1
2112,292.05,288.02,1
2113,332.11,322.55,1
2114,328.1,187.76,1
2115,243.56,113.59,1
2116,153.96,177.04,1
2117,302.76,121.58,1
2118,128.61,294.22,1
2119,262.41,395.42,1
2120,272.3,393.26,1
2121,355.68,285.33,1
2122,320.07,277.37,1
2123,377.04,267.22,1
2124,379.4,314.32,1
2125,229.17,303.28,1
2126,338.68,330.16,1
2127,277.31,205.8,1
2128,197.02,269.72,1
2129,239.2,247.92,1
2130,222.27,202.71,1
2131,377.18,324.27,1
2132,141.55,221.87,1
2133,283.45,176.27,1
2134,286.32,223.33,1
2135,344.19,142.27,1
2136,211.34,294.78,1
2137,270.61,103.67,1
2138,260.6,105.85,1
2139,149.94,311.71,1
2140,113.3,211.67,1
2141,110.81,201.79,1
2142,117.86,194.63,1
2143,127.7,196.67,1
2144,117.42,184.32,1
2145,394.48,231.83,1
2146,133.64,323.57,1
2147,201.51,242.02,1
2148,172.68,348.91,1
2149,200.76,185.51,1
2150,345.71,287,1
2151,280.43,303.63,1
2152,106.25,275.94,1
2153,350.99,149.67,1
2154,360.38,155.27,1
2155,351.84,160.59,1
2156,367.4,162.62,1
2157,348.98,170.22,1
2158,296.15,114.01,1
2159,156.23,197.27,1
2160,197.71,175.79,1
2161,115.63,231.72,1
2162,219.43,250.26,1
2163,202.13,148.45,1
2164,208.98,342.12,1
2165,375.27,230.22,1
2166,139.24,152.23,1
2167,199.07,340.14,1
2168,304.56,158.39,1
2169,130.49,206.38,1
2170,259.94,196.03,1
2171,120.82,311.52,1
2172,274.48,333.43,1
2173,167.73,212.89,1
2174,312.44,176.01,1
2175,192.39,297.23,1
2176,294.51,268.17,1
2177,232.07,204.96,1
2178,379.89,257.31,1
2179,166.48,356.91,1
2180,398.5,249.32,1
2181,230.22,360.43,1
2182,233.25,370.11,1
2183,308.6,242.61,1
2184,357.66,332.17,1
2185,296.27,315.41,1
2186,208.91,140.85,1
2187,334.19,302.83,1
2188,228.79,397.57,1
2189,179.54,167.97,1
2190,234.85,131.89,1
2191,250.14,105.99,1
2192,253.04,350.41,1
2193,241.53,352.21,1
2194,240.01,362.67,1
2195,249.67,359.88,1
2196,370.57,202.55,1
2197,264.82,241,1
2198,304.18,215.35,1
2199,206.54,121.02,1
2200,131.38,159.27,1
2201,371.76,296.83,1
2202,164.56,286.79,1
2203,313.42,269.83,1
2204,341.46,366.99,1
2205,130.65,256.79,1
2206,368.33,222.69,1
2207,225.18,330.82,1
2208,249.95,212.99,1
2209,333,214.8,1
2210,190.24,277.14,1
2211,342.83,212.7,1
2212,255.51,293.74,1
2213,170.93,329.19,1
2214,172.28,242.36,1
2215,325.51,140.76,1
2216,206.31,214.59,1
2217,310.99,340.37,1
2218,193.36,203.01,1
2219,125.53,284.61,1
2220,154.56,284.76,1
2221,273.45,178.29,1
2222,187.76,324.53,1
2223,271.29,342.97,1
2224,151.41,224.21,1
2225,283.93,377.35,1
2226,240.43,267.87,1
2227,281.69,139.18,1
2228,175.81,252.15,1
2229,274.85,131.69,1
2230,277.15,369.91,1
2231,312.03,232.81,1
2232,317.84,347.82,1
2233,238.21,342.53,1
2234,231.35,350.22,1
2235,134.58,229.48,1
2236,138.46,296.33,1
2237,137.41,249.35,1
2238,351.02,257.47,1
2239,286.53,166.37,1
2240,384.57,284.9,1
2241,134.89,178.9,1
2242,315.43,249.98,1
2243,222.71,115.3,1
2244,268.57,258.22,1
2245,285.06,331.4,1
2246,183.42,150.71,1
2247,336.75,349.9,1
2248,354.01,247.76,1
2249,193.94,260.15,1
2250,354.02,197.15,1
2251,316.99,203.36,1
2252,133.51,267.1,1
2253,251.96,303.76,1
2254,310.17,387.68,1
2255,341.23,259.77,1
2256,317.92,297.17,1
2257,226.52,175.79,1
2258,222.97,165.77,1
2259,329.91,275.21,1
2260,366.08,175.45,1
2261,374.43,169.81,1
2262,375.17,179.83,1
2263,257.99,367.98,1
2264,158.08,149.75,1
2265,361.89,349.99,1
2266,278,110.78,1
2267,287.17,105.47,1
2268,286.37,116.35,1
2269,257.88,165.94,1
2270,301.01,342.8,1
2271,230.11,158.24,1
2272,293.78,375.31,1
2273,171.23,279.27,1
2274,278.68,148.9,1
2275,162.35,240.06,1
2276,372.18,239.79,1
2277,240.04,159.83,1
2278,194.58,366.81,1
2279,204.68,369.39,1
2280,207.39,379.28,1
2281,200.34,386.51,1
2282,189.6,384.23,1
2283,187.91,374.33,1
2284,281.69,397.07,1
2285,313.04,320.83,1
2286,299.18,188.3,1
2287,329.96,224.7,1
2288,290.45,250.86,1
2289,175.78,302.35,1
2290,215.97,267.43,1
2291,264.77,134.16,1
2292,347.27,240.31,1
2293,337.47,242.58,1
2294,334.4,252.17,1
2295,180.38,224.58,1
2296,139.52,201.96,1
2297,136.75,192.28,1
2298,143.3,184.66,1
2299,153.06,187.08,1
2300,144,174.63,1
2301,204.81,158.14,1
2302,169.11,259.71,1
2303,300.53,141.33,1
2304,112.3,306.19,1
2305,219.11,193.17,1
2306,261.67,143.73,1
2307,268.77,150.85,1
2308,267.37,316.05,1
2309,258.87,321.42,1
2310,367.01,269.52,1
2311,182.76,351.29,1
2312,112.34,248.97,1
2313,111.01,258.93,1
2314,151.44,275.2,1
2315,349.56,220.21,1
2316,280.14,360.21,1
2317,228.18,139.48,1
2318,296.79,365.58,1
2319,289.99,358.18,1
2320,159.27,257.69,1
2321,156.14,247.97,1
2322,226.74,377.77,1
2323,238.65,285.96,1
2324,236.4,177.74,1
2325,242.71,169.52,1
2326,147.04,252.23,1
2327,150.1,261.82,1
2328,158.25,267.71,1
2329,168.1,269.72,1
2330,143.34,269.25,1
2331,220.54,357.68,1
2332,221.52,347.68,1
2333,218.24,338.18,1
2334,212.33,351.89,1
2335,298.26,352.47,1
2336,305.07,359.87,1
2337,314.83,357.41,1
2338,215.05,277.44,1
2339,358.76,275.73,1
2340,299.81,131.3,1
2341,289.57,240.85,1
2342,291.21,194.43,1
2343,188.8,230.55,1
2344,166.54,306.33,1
2345,245.25,333.16,1
2346,252.23,340.4,1
2347,191.96,347.24,1
2348,210.78,187.55,1
2349,260.24,156.17,1
2350,252.7,149.53,1
2351,242.66,150.13,1
2352,232.7,148.46,1
2353,252.56,139.47,1
2354,225.29,387.74,1
2355,218.77,143.01,1
2356,221.8,152.59,1
2357,214.67,160.11,1
2358,393.76,221.81,1
2359,204.27,168.17,1
2360,214.06,170.43,1
2361,217.37,179.97,1
2362,225.98,185.82,1
2363,236.13,187.79,1
2364,240.05,197.05,1
2365,336.52,232.32,1
2366,346.36,230.29,1
2367,322.3,324.75,1
2368,315.7,367.42,1
2369,305.85,369.94,1
2370,302.72,379.91,1
2371,358.5,224.8,1
2372,355.48,234.51,1
2373,362.41,242.25,1
2374,325.29,247.93,1
2375,328.4,238.25,1
2376,321.85,230.63,1
2377,308.49,293.69,1
2378,278.1,350.37,1
2379,287.97,348.33,1
2380,291.74,338.91,1
2381,169.75,366.62,1
2382,158.83,363.58,1
2383,253.23,378.46,1
2384,264.53,375.61,1
2385,267.86,366.08,1
2386,269.92,356.24,1
2387,262.91,348.52,1
2388,262.13,338.5,1
2389,273.84,379.4,1
2390,280.51,386.92,1
2391,290.48,385.66,1
2392,299.89,389.55,1
2393,265.45,329.01,1
2394,255.5,330.89,1
2395,274.23,323.39,1
2396,284.08,321.39,1
2397,287.13,311.21,1
2398,293.41,325.15,1
2399,299.91,332.81,1
2400,309.66,330.39,1
2401,318.95,334.23,1
2402,326.21,342.26,1
2403,327,352.34,1
2404,324.18,361.99,1
2405,335.97,339.84,1
2406,331.64,370.39,1
2407,157.55,159.79,1
2408,373.22,249.78,1
2409,362.98,252.3,1
2410,360.32,261.99,1
2411,351.96,267.58,1
2412,342.18,269.93,1
2413,333.09,265.66,1
2414,326.16,257.95,1
2415,316.37,260.21,1
2416,339.01,279.47,1
2417,184.04,140.37,1
2418,325.04,197.34,1
2419,269.52,268.23,1
2420,243.26,220.49,1
2421,344.87,192.9,1
2422,232.9,111.24,1
2423,393.04,279.48,1
2424,194.61,249.84,1
2425,180.39,275.13,1
2426,177.28,265.57,1
2427,183.95,258.04,1
2428,184.75,247.56,1
2429,181.67,237.92,1
2430,173.29,232.36,1
2431,163.5,230.07,1
2432,160.72,220.41,1
2433,154.23,234.04,1
2434,147.82,241.79,1
2435,138.09,239.26,1
2436,216.66,375.38,1
2437,215.46,385.36,1
2438,213.78,365.12,1
2439,205.54,359.37,1
2440,195.26,356.78,1
2441,186.15,361.04,1
2442,179.6,368.66,1
2443,279.66,159.03,1
2444,269.78,160.85,1
2445,266.86,170.47,1
2446,146.59,302.23,1
2447,125.48,233.75,1
2448,128.95,243.43,1
2449,122.4,251.06,1
2450,121.6,261.15,1
2451,124.19,270.86,1
2452,132.17,277.06,1
2453,141.98,279.21,1
2454,145.21,288.73,1
2455,153.28,294.73,1
2456,163.41,296.78,1
2457,172.82,292.62,1
2458,179.54,285.15,1
2459,189.31,287.49,1
2460,116.99,278.46,1
2461,197,320.58,1
2462,184.9,197.16,1
2463,214.51,220.4,1
2464,235.65,295.6,1
2465,245.7,295.9,1
2466,326.33,150.78,1
2467,161.69,333.39,1
2468,248.76,323.22,1
2469,294.75,160.58,1
2470,287.85,153.19,1
2471,290.73,143.57,1
2472,290,133.52,1
2473,283.16,126.03,1
2474,274.11,121.66,1
2475,264.11,124.13,1
2476,258.51,115.68,1
2477,241.38,257.87,1
2478,265.18,187.45,1
2479,245.21,183.29,1
2480,310.92,222.82,1
2481,320.77,220.64,1
2482,323.77,210.83,1
2483,331.8,204.78,1
2484,341.7,202.63,1
2485,350.9,206.7,1
2486,357.87,214.56,1
2487,367.69,212.43,1
2488,263.49,287.62,1
2489,216.94,324.68,1
2490,210.2,332.14,1
2491,200.1,330.14,1
2492,190.88,334.15,1
2493,183.63,341.28,1
2494,173.68,338.87,1
2495,164.52,343.03,1
2496,157.55,351.63,1
2497,149.52,358.7,1
2498,147.84,348.54,1
2499,136.93,346.7,1
2500,134.66,336.81,1
2501,142,329.15,1
2502,125.66,332.02,1
2503,363.52,302.59,1
2504,178.93,378.95,1
2505,197.4,125.34,1
2506,248.97,396.52,1
2507,379.5,207.16,1
2508,376.65,216.99,1
2509,383.8,224.06,1
2510,384.61,234.08,1
2511,381.68,243.69,1
2512,388.16,251.39,1
2513,178.8,178,1
2514,304.26,265.7,1
2515,307.24,256,1
2516,300.41,248.62,1
2517,299.37,238.62,1
2518,302.68,229.13,1
2519,296.19,221.45,1
2520,234.14,224.72,1
2521,250.07,197.93,1
2522,256.7,205.54,1
2523,241.93,206.92,1
2524,235.18,214.52,1
2525,225.34,212.46,1
2526,215.54,210.24,1
2527,212.43,200.68,1
2528,204.04,195.01,1
2529,194.04,192.98,1
2530,190.97,183.25,1
2531,187.88,173.68,1
2532,194.44,166.06,1
2533,195.05,155.74,1
2534,192.33,146.06,1
2535,199.11,138.63,1
2536,205.69,131.03,1
2537,215.52,133.28,1
2538,225,129.92,1
2539,230.58,121.56,1
2540,340.1,165.51,1
2541,343.01,155.79,1
2542,336.1,148.41,1
2543,335.14,137.89,1
2544,343.37,306.94,1
2545,357.11,322.13,1
2546,250.27,265.81,1
2547,258.77,260.44,1
2548,259.2,270.48,1
2549,148.14,147.33,1
2550,147.75,157.58,1
2551,140.94,164.98,1
2552,131.87,169.32,1
2553,238.37,394.5,1
2554,234.92,384.88,1
2555,240.81,376.73,1
2556,248.1,369.81,1
2557,250.26,121.43,1
2558,320.52,170.02,1
2559,201.47,292.86,1
2560,198.35,283.08,1
2561,205.17,275.59,1
2562,206.12,265.45,1
2563,202.88,255.56,1
2564,209.6,248.08,1
2565,159.43,206.85,1
2566,152.61,214.23,1
2567,142.31,211.79,1
2568,133.26,216.15,1
2569,126.27,223.73,1
2570,116.48,221.44,1
2571,220.79,240.28,1
2572,210.97,238.12,1
2573,207.76,227.85,1
2574,199.47,222.16,1
2575,189.56,220.46,1
2576,186.63,210.47,1
2577,178.35,204.78,1
2578,168.54,202.59,1
2579,165.25,192.84,1
2580,162.23,182.97,1
2581,169.04,175.58,1
2582,169.79,165.52,1
2583,166.64,155.49,1
2584,173.65,148.26,1
2585,174.23,138.22,1
2586,171.29,128.22,1
2587,177.69,120.47,1
2588,295.28,278.5,1
2589,305.07,276.22,1
2590,311.79,283.7,1
2591,321.04,287.62,1
2592,330.82,285.3,1
2593,337.61,293.13,1
2594,346.72,297.39,1
2595,356.55,295.34,1
2596,364.89,289.49,1
2597,368.06,279.56,1
2598,377.88,277.41,1
2599,386.1,271.64,1
2600,388.98,261.6,1
2601,305.49,168.54,1
2602,313.66,162.67,1
2603,316.54,153.04,1
2604,315.72,143.03,1
2605,308.85,135.68,1
2606,311.76,126.06,1
2607,295.65,170.59,1
2608,292.79,180.22,1
2609,284.97,186.54,1
2610,275.15,188.7,1
2611,270.74,198.01,1
2612,267.49,207.94,1
2613,274.81,215.54,1
2614,276.51,225.56,1
2615,284.64,213.42,1
2616,294.88,211.49,1
2617,297.98,201.86,1
2618,305.96,195.73,1
2619,315.81,193.34,1
2620,318.9,183.71,1
2621,327.08,177.68,1
2622,336.95,175.62,1
2623,346.16,179.87,1
2624,353.11,187.13,1
2625,363.1,185.05,1
2626,372.17,189.43,1
2627,378.97,196.83,1
2628,390.69,194.39,1
2629,288.61,297.79,1
2630,295.33,305.39,1
2631,305.22,303.19,1
2632,314.53,307,1
2633,321,314.69,1
2634,330.82,312.58,1
2635,340.1,316.46,1
2636,346.68,324.06,1
2637,347.83,334.32,1
2638,345.05,344.16,1
2639,351.95,351.47,1
2640,242.29,314.8,1
2641,236.28,322.85,1
2642,226.23,320.82,1
2643,222.58,310.87,1
2644,262.91,231.13,1
2645,254.05,223.34,1
2646,272.82,234.91,1
2647,279.56,242.68,1
2648,280.57,252.76,1
2649,277.72,262.4,1
2650,284.65,270.11,1
2651,285.36,280.18,1
2652,282.18,289.9,1
2653,273.84,295.52,1
2654,264.29,298.65,1
2655,260.9,308.35,1
2656,252.3,313.81,1
2657,210.38,305.57,1
2658,200.69,302.9,1
2659,193.95,310.36,1
2660,184.9,314.73,1
2661,175.02,312.38,1
2662,168,319.57,1
2663,158.78,323.77,1
2664,148.92,321.71,1
2665,140.53,316.18,1
2666,137.53,306.58,1
2667,127.75,304.24,1
2668,119.32,298.25,1
2669,116.33,288.65,1
2670,219.36,301.07,1
2671,225.85,293.39,1
2672,227.52,283.33,1
2673,224.41,273.77,1
2674,230.59,265.84,1
2675,231.61,255.49,1
2676,229.24,245.72,1
2677,235.62,237.95,1
2678,338.51,127.51,1
2679,242.37,230.51,1
2680,260.73,178.43,1
2681,251.75,173.91,1
2682,378.63,304.23,1
2683,370.34,309.97,1
2684,367.61,319.67,1
2685,367.71,329.72,1
2686,388.51,301.72,1
2687,391.55,292.14,1
2688,187.68,111.45,1
2689,197.61,115.29,1
2690,245.48,240.07,1
2691,255.33,388.29,1
2692,255.66,129.91,1
2693,105.58,229.19,1
2694,106.35,219.16,1
2695,256.7,280.22,1
2696,253.11,233.35,1
2697,305.49,110.09,1
2698,231.14,99.209,1
2699,99.993,245.51,1
2700,213.21,101.87,1
2701,255.02,243.22,1
2702,248.7,286.31,1
2703,240.43,123.53,1
2704,223.09,105.26,0
2705,204.37,107.85,0
2706,168.95,376.64,0
2707,208.39,392.62,0
2708,122.11,166.33,0
2709,97.611,235.38,0
2710,101.35,255.47,0
2711,106.54,286.35,0
2712,375.59,336.34,0
2713,389.69,311.71,0
2714,398.84,259.67,0
2715,313.66,115.96,0
2716,347.14,132.66,0
