1,922,4,3,20,1000,950
2,16,15,989,938,14,990
3,41,21,22,1,4,20
4,922,1,5,23,3,22
5,4,23,24,6,987,922
6,25,7,24,5,959,987
7,25,6,463,26,968,959
8,500,479,969,958,10,9,27
9,27,28,10,29,8
10,9,29,11,941,30,8,958
11,955,12,10,941,30,31
12,13,954,955,11,32,31
13,12,954,33,32,990,14
14,990,13,15,2,34,33
15,16,2,14,34,35,36
16,15,2,17,938,36,37
17,16,938,38,37,18,992
18,39,38,17,19,991,992
19,40,39,20,18,991,1000
20,40,19,1000,1,41,3
21,41,3,42,65,22,43
22,23,44,3,21,43,4
23,22,44,24,45,4,5
24,45,23,5,6,46,25
25,6,7,47,46,26,24
26,7,463,48,47,25
27,9,28,524,500,8,49
28,27,9,29,51,50,49
29,9,10,28,51,52,30
30,52,29,11,10,31,53
31,54,53,32,30,11,12
32,33,55,31,54,13,12
33,55,32,13,34,56,14
34,57,56,33,14,15,35
35,58,57,15,36,34,59
36,60,37,35,15,16,59
37,61,60,36,17,38,16
38,18,39,17,37,62,61
39,18,38,40,19,63,62
40,39,19,20,41,64,63
41,3,21,64,65,40,20
42,67,66,65,21,92,43
43,68,67,42,22,44,21
44,22,23,69,68,45,43
45,24,23,70,69,46,44
46,47,71,25,45,24,70
47,72,48,71,26,46,25
48,480,463,26,72,47,73,501
49,50,74,28,524,27,551
50,75,76,51,74,49,28
51,76,50,28,29,77,52
52,53,78,29,30,77,51
53,79,78,31,54,52,30
54,31,53,32,55,80,79
55,33,32,81,56,80,54
56,57,34,82,81,55,33
57,56,34,82,35,58,83
58,85,59,35,57,84,83
59,85,58,60,36,35,86
60,61,37,86,87,36,59
61,60,37,87,38,62,88
62,89,88,38,61,63,39
63,89,62,90,64,40,39
64,65,91,90,41,40,63
65,42,21,64,91,92,41
66,67,42,122,92,93,94
67,66,42,43,68,94,95
68,69,96,43,67,44,95
69,97,70,96,68,45,44
70,97,98,71,69,45,46
71,99,72,70,98,47,46
72,99,71,47,48,100,73
73,101,525,100,72,48,501
74,50,75,102,581,49,551
75,76,104,50,74,103,102
76,104,75,50,51,105,77
77,105,106,76,78,51,52
78,107,106,53,79,77,52
79,53,78,108,107,80,54
80,109,81,108,79,55,54
81,110,109,55,56,80,82
82,57,56,81,83,111,110
83,58,57,82,111,84,112
84,58,85,114,113,112,83
85,58,59,84,86,115,114
86,60,87,116,85,115,59
87,117,116,86,60,61,88
88,118,117,62,89,87,61
89,62,88,118,119,90,63
90,120,119,64,91,89,63
91,64,65,90,121,120,92
92,66,122,121,91,65,42
93,123,156,122,66,94,124
94,95,125,93,66,124,67
95,126,125,94,96,68,67
96,95,126,127,69,68,97
97,98,128,70,69,127,96
98,128,97,70,129,71,99
99,71,72,130,129,100,98
100,101,73,130,99,72,131
101,73,525,100,131,132,552
102,103,134,133,75,581,74
103,135,136,102,134,104,75
104,76,75,137,136,103,105
105,138,137,106,104,77,76
106,78,107,138,105,77,139
107,78,106,139,79,108,140
108,141,140,79,107,109,80
109,110,81,142,141,108,80
110,143,142,109,81,82,111
111,82,83,110,112,143,144
112,144,145,113,84,111,83
113,146,145,84,114,147,112
114,85,115,148,84,113,147
115,149,148,85,86,116,114
116,117,87,86,149,150,115
117,116,87,151,150,88,118
118,88,117,151,119,152,89
119,120,153,152,90,118,89
120,119,153,121,154,90,91
121,154,120,91,155,92,122
122,156,93,66,92,121,155
123,156,93,158,157,192,124
124,159,158,123,93,125,94
125,95,126,94,160,159,124
126,95,125,161,160,96,127
127,126,96,161,162,97,128
128,98,97,129,162,163,127
129,130,99,128,98,164,163
130,129,99,164,100,165,131
131,166,165,101,132,130,100
132,166,614,131,101,552,582
133,134,167,102,581,613,648
134,167,133,135,168,102,103
135,168,169,103,136,170,134
136,171,170,135,103,137,104
137,171,172,138,105,136,104
138,137,105,172,139,173,106
139,173,138,106,107,174,140
140,175,174,139,141,108,107
141,176,175,140,108,109,142
142,143,110,109,177,176,141
143,178,177,142,110,111,144
144,112,145,179,178,143,111
145,180,179,113,146,144,112
146,113,145,180,147,181,182
147,183,182,114,148,113,146
148,115,149,184,114,147,183
149,115,148,185,150,116,184
150,117,151,185,149,116,186
151,117,150,187,186,152,118
152,188,187,119,153,151,118
153,188,189,119,120,152,154
154,189,153,121,120,190,155
155,190,154,121,191,156,122
156,123,93,122,191,155,192
157,231,192,158,194,123,193
158,194,157,123,195,159,124
159,125,160,195,158,124,196
160,161,126,197,125,159,196
161,160,126,197,127,162,198
162,161,127,199,198,128,163
163,162,128,199,200,164,129
164,200,201,165,129,130,163
165,131,166,164,201,202,130
166,131,165,203,202,614,132
167,134,133,687,648,168,204
168,135,169,205,204,134,167
169,168,135,170,207,205,206
170,171,136,169,207,208,135
171,137,172,170,136,208,209
172,171,137,210,209,138,173
173,139,138,210,172,174,211
174,140,175,173,139,212,211
175,176,213,140,174,212,141
176,175,213,214,177,141,142
177,214,176,178,143,215,142
178,177,143,216,215,179,144
179,145,180,217,178,144,216
180,145,179,217,146,181,218
181,220,219,182,218,146,180
182,220,181,183,147,146,221
183,182,147,148,222,221,184
184,148,149,185,222,223,183
185,149,150,184,186,224,223
186,224,185,187,151,150,225
187,188,152,186,151,225,226
188,187,152,153,189,227,226
189,188,153,154,190,227,228
190,154,189,155,191,229,228
191,155,190,156,229,192,230
192,231,157,191,156,123,230
193,233,232,231,157,194,273
194,158,157,193,195,234,233
195,194,158,159,196,235,234
196,236,235,195,160,197,159
197,160,161,196,237,236,198
198,162,199,197,161,237,238
199,162,198,163,238,239,200
200,240,239,199,164,201,163
201,241,240,202,200,164,165
202,201,241,242,166,203,165
203,166,202,614,242,649,243
204,168,205,729,244,167,687
205,206,245,168,204,169,244
206,205,245,246,247,207,169
207,247,248,169,170,208,206
208,249,248,170,171,207,209
209,210,172,250,249,208,171
210,209,172,251,250,173,211
211,252,251,212,210,173,174
212,213,175,253,211,252,174
213,175,176,214,212,253,254
214,176,177,255,254,215,213
215,256,255,177,214,178,216
216,178,215,256,179,217,257
217,179,180,258,257,216,218
218,219,259,258,181,217,180
219,260,259,261,220,181,218
220,261,219,181,182,262,221
221,263,262,222,183,220,182
222,223,264,184,221,183,263
223,222,264,265,184,224,185
224,186,185,265,223,266,225
225,226,267,266,224,186,187
226,267,225,227,188,187,268
227,269,268,226,188,189,228
228,269,227,229,270,189,190
229,270,228,191,190,230,271
230,229,191,271,272,231,192
231,273,272,192,157,193,230
232,318,274,275,193,233,273
233,193,232,276,275,234,194
234,235,277,233,194,276,195
235,196,236,278,277,234,195
236,196,235,278,279,237,197
237,280,279,238,236,197,198
238,237,280,239,281,198,199
239,282,281,238,199,200,240
240,201,241,283,282,200,239
241,201,240,202,283,284,242
242,285,284,241,202,203,243
243,286,285,242,203,688,649
244,287,774,245,729,205,204
245,205,206,246,287,244,288
246,245,206,289,288,290,247
247,207,248,206,290,246,291
248,247,207,249,208,292,291
249,248,208,250,293,292,209
250,251,210,249,293,209,294
251,252,211,250,210,294,295
252,251,211,295,296,212,253
253,212,213,254,297,296,252
254,297,298,214,255,253,213
255,214,254,256,215,299,298
256,257,300,255,215,299,216
257,300,256,217,258,216,301
258,302,301,217,257,218,259
259,302,303,219,260,218,258
260,219,259,261,305,304,303
261,219,220,260,305,262,306
262,263,307,261,220,306,221
263,307,262,221,222,264,308
264,265,309,222,223,308,263
265,309,264,223,310,266,224
266,311,310,265,267,224,225
267,268,312,226,225,311,266
268,313,312,227,269,267,226
269,227,268,270,314,228,313
270,314,269,315,229,228,271
271,315,270,229,230,316,272
272,231,273,317,316,271,230
273,318,317,231,272,232,193
274,318,232,275,319,359,320
275,232,274,233,276,320,321
276,233,275,321,322,277,234
277,235,234,276,322,323,278
278,323,324,235,236,279,277
279,280,237,278,236,324,325
280,279,237,238,281,325,326
281,239,282,238,280,326,327
282,283,240,239,281,328,327
283,282,240,328,329,241,284
284,242,285,241,283,329,330
285,242,284,330,331,243,286
286,688,730,243,285,331
287,774,244,245,288,332
288,289,246,332,245,287
289,288,246,332,333,371,290,872,814
290,291,333,289,246,247
291,333,334,292,290,248,247
292,291,334,335,293,248,249
293,294,336,335,292,249,250
294,293,336,337,295,250,251
295,252,296,337,338,294,251
296,297,339,295,252,338,253
297,254,298,296,339,340,253
298,297,254,341,299,340,255
299,342,341,255,256,298,300
300,343,301,257,256,342,299
301,343,300,302,344,258,257
302,259,303,301,344,258,345
303,302,259,346,345,304,260
304,347,346,305,260,303
305,304,260,347,261,306
306,347,305,307,261,262
307,263,262,308,348,347,306
308,348,307,309,349,264,263
309,265,264,308,349,310,350
310,266,311,351,265,309,350
311,266,310,351,352,312,267
312,268,313,353,352,267,311
313,314,354,268,312,353,269
314,354,313,270,269,355,315
315,270,314,271,355,356,316
316,272,317,356,315,357,271
317,273,318,272,316,358,357
318,232,274,273,317,358,359
319,360,392,274,359,361,320
320,362,361,275,274,319,321
321,275,276,320,363,322,362
322,364,363,323,321,276,277
323,278,324,365,364,322,277
324,323,278,365,366,279,325
325,324,279,366,367,326,280
326,367,325,280,368,281,327
327,369,368,328,326,281,282
328,369,327,370,283,282,329
329,283,328,370,330,284
330,285,331,370,329,284
331,775,402,330,285,370,286,730
332,288,289,287,815,774,814
333,334,371,291,289,290
334,372,371,333,291,292,335
335,372,373,292,293,336,334
336,293,294,337,374,373,335
337,295,338,375,374,336,294
338,339,376,296,337,295,375
339,296,297,338,376,340,377
340,298,341,378,377,297,339
341,379,342,299,298,340,378
342,379,341,300,343,299,380
343,300,301,380,381,342,344
344,301,302,343,345,381,382
345,383,346,303,302,344,382
346,347,383,304,345,303
347,383,346,384,348,304,305,306,307,413
348,384,347,349,308,307
349,384,348,308,309,350
350,349,309,384,351,310
351,311,310,350,384,352
352,384,351,353,312,385,311
353,354,313,352,312,386,385
354,314,313,355,353,386,387
355,356,388,354,314,315,387
356,355,388,357,389,315,316
357,358,390,389,356,316,317
358,390,357,317,318,391,359
359,392,391,274,319,358,318
360,319,392,418,393,394,361
361,362,320,360,319,394,395
362,361,320,396,395,321,363
363,397,396,364,322,321,362
364,363,322,323,398,397,365
365,324,366,323,399,398,364
366,399,400,365,324,325,367
367,401,400,366,325,326,368
368,327,369,401,367,326,402
369,327,368,328,370,402
370,369,328,329,402,331,330
371,334,372,333,403,427,289,900,872
372,334,371,335,373,403
373,372,335,404,403,374,336
374,375,405,337,404,336,373
375,406,405,376,374,337,338
376,407,406,338,339,375,377
377,407,408,378,340,339,376
378,408,409,379,377,340,341
379,341,342,410,409,380,378
380,343,381,342,410,411,379
381,411,412,380,343,344,382
382,383,413,381,344,412,345
383,347,346,345,413,382
384,347,348,349,414,413,350,351,352,385
385,386,414,384,352,353
386,387,414,385,354,353
387,414,386,388,355,354
388,355,356,414,387,389
389,357,356,390,415,414,388
390,358,357,416,391,389,415
391,417,392,359,416,390,358
392,417,391,359,319,360,418
393,418,360,420,419,394
394,420,393,360,361,421,395
395,421,422,394,361,396,362
396,397,363,395,362,422,423
397,396,363,423,424,398,364
398,397,364,365,425,399,424
399,366,400,365,426,425,398
400,399,366,401,367,426
401,400,367,368,426,402
402,426,440,449,331,775,401,368,369,370,873
403,427,371,373,404,372
404,405,428,427,373,403,374
405,428,404,375,406,374,429
406,375,405,376,407,430,429
407,377,408,376,406,431,430
408,407,377,378,409,431,432
409,379,410,408,378,433,432
410,379,409,433,434,411,380
411,381,412,434,410,435,380
412,411,381,382,413,435
413,447,435,454,383,382,458,412,414,384,347
414,387,386,419,415,413,384,385,388,389
415,419,414,390,389,416
416,390,391,415,417,419
417,391,392,418,416,419
418,417,392,360,393,419
419,420,393,414,415,418,436,416,417
420,419,393,394,436,421,437
421,395,422,420,437,394,438
422,421,395,439,423,438,396
423,397,424,439,422,440,396
424,423,397,440,398,425
425,398,399,424,440,426
426,402,440,400,399,425,401
427,403,371,900,912,441,455,428,404
428,405,404,429,441,427
429,428,441,430,442,405,406
430,442,429,443,431,407,406
431,443,430,432,444,408,407
432,433,445,431,444,409,408
433,409,410,445,432,446,434
434,447,446,410,411,435,433
435,447,413,412,434,411
436,437,448,420,419
437,448,436,449,438,420,421
438,449,437,439,421,422
439,449,438,422,423,440
440,426,402,449,439,423,424,425
441,428,429,442,450,455,427
442,430,429,441,450,443
443,430,431,450,451,444,442
444,445,452,451,431,432,443
445,453,452,444,446,433,432
446,434,447,453,445,454,433
447,435,413,454,434,446
448,437,436,449
449,448,437,438,439,402,440
450,441,442,451,455,443
451,444,452,456,455,450,443
452,453,445,444,451,456,457
453,452,445,446,454,458,457
454,413,447,458,453,446
455,456,459,451,450,441,427
456,459,455,451,452,457
457,456,459,452,458,453
458,413,454,453,459,457
459,456,455,457,458
460,944,968,463,999,465,464
461,934,462,467,999,933,466
462,934,461,467,469,979,468
463,480,48,7,26,968,464,460
464,481,480,463,465,460
465,481,482,999,466,464,460
466,467,483,482,461,465,999
467,466,483,462,461,468,484
468,469,486,467,484,462,485
469,468,486,487,470,462,979
470,487,469,471,488,979,940
471,916,472,940,489,488,470
472,471,916,489,490,473,1001
473,981,1001,472,490,491,474
474,492,491,493,475,473,981
475,476,917,493,474,494,981
476,495,494,475,917,928,980
477,478,971,972,980,497,496
478,498,479,477,971,970,497
479,498,478,500,8,970,969,499
480,48,463,464,481,501,502
481,464,480,503,482,465,502
482,503,504,481,483,466,465
483,466,467,505,504,484,482
484,506,485,467,468,483,505
485,508,507,506,484,486,468
486,468,469,508,485,509,487
487,509,510,469,470,488,486
488,511,489,471,470,487,510
489,511,488,512,471,472,490
490,472,489,512,491,513,473
491,474,492,490,513,514,473
492,474,491,515,514,493,516
493,517,516,492,474,475,494
494,495,476,493,475,517,518
495,494,476,980,518,496,519
496,477,980,497,520,519,495
497,498,478,477,496,520,521
498,478,479,499,497,522,521
499,498,479,523,524,500,522
500,479,8,524,499,27
501,48,480,73,502,526,525
502,527,526,480,481,501,503
503,482,504,527,528,481,502
504,503,482,505,483,529,528
505,504,483,529,530,506,484
506,484,485,531,530,507,505
507,533,508,485,531,506,532
508,533,507,485,486,534,509
509,535,510,487,534,508,486
510,535,509,536,487,488,511
511,488,489,512,537,510,536
512,511,489,537,490,538,513
513,514,539,490,491,538,512
514,513,539,515,492,540,491
515,514,492,516,542,541,540
516,517,493,543,542,515,492
517,516,493,543,544,494,518
518,545,544,495,494,519,517
519,545,546,496,520,518,495
520,547,546,496,497,521,519
521,547,548,522,498,497,520
522,521,498,549,548,499,523
523,499,524,551,522,549,550
524,523,499,500,27,49,551
525,552,526,101,73,501
526,552,525,527,502,553,501
527,526,502,503,528,554,553
528,529,555,527,503,554,504
529,555,528,530,556,505,504
530,556,529,531,506,557,505
531,530,506,557,507,532,558
532,558,559,507,531,533,560
533,507,508,534,560,561,532
534,562,535,509,508,533,561
535,562,534,509,510,536,563
536,535,510,511,563,564,537
537,511,512,538,565,564,536
538,512,537,565,566,513,539
539,513,514,567,540,538,566
540,567,539,541,568,515,514
541,569,568,542,570,540,515
542,571,570,541,543,516,515
543,572,571,517,544,516,542
544,518,545,543,517,573,572
545,518,544,519,546,573,574
546,520,547,575,545,519,574
547,548,576,521,520,546,575
548,576,547,521,522,549,577
549,522,548,523,577,578,550
550,551,580,579,523,549,578
551,74,581,49,580,550,523,524
552,525,526,553,583,132,101,582
553,584,583,552,526,554,527
554,584,553,528,527,585,555
555,529,528,556,586,554,585
556,530,529,555,586,587,557
557,530,531,587,588,558,556
558,532,559,531,557,588,589
559,558,532,590,589,591,560
560,533,561,532,592,591,559
561,562,593,560,533,534,592
562,534,535,561,593,594,563
563,536,535,595,594,562,564
564,565,596,536,563,537,595
565,564,596,537,538,566,597
566,598,597,565,538,567,539
567,539,540,599,598,568,566
568,599,600,569,541,540,567
569,601,600,568,541,602,570
570,602,603,571,542,541,569
571,570,542,572,543,604,603
572,571,543,605,604,544,573
573,544,572,606,605,545,574
574,575,607,546,573,606,545
575,574,607,576,608,547,546
576,548,547,608,575,609,577
577,578,610,549,548,576,609
578,577,610,611,549,579,550
579,580,613,612,611,550,578
580,579,613,551,550,581
581,102,74,551,580,133,613
582,615,583,614,132,552
583,584,553,616,615,582,552
584,583,553,616,554,585,617
585,617,584,554,618,586,555
586,587,619,618,555,556,585
587,619,586,557,588,620,556
588,621,620,589,587,557,558
589,621,622,588,590,559,558
590,622,589,559,591,624,623
591,624,590,559,560,592,625
592,625,626,560,591,561,593
593,561,562,594,627,592,626
594,627,593,563,595,562,628
595,629,596,563,594,628,564
596,629,595,564,565,630,597
597,631,630,566,598,565,596
598,632,631,599,567,566,597
599,568,600,633,632,598,567
600,569,601,599,568,633,634
601,569,600,636,635,602,634
602,570,603,636,637,569,601
603,602,570,604,571,638,637
604,639,605,603,571,572,638
605,640,639,604,572,573,606
606,607,641,640,573,605,574
607,606,641,574,575,642,608
608,576,575,607,642,609,643
609,608,643,644,576,577,610
610,577,578,611,644,645,609
611,646,612,579,578,610,645
612,646,611,579,648,613,647
613,579,580,581,133,648,612
614,615,650,582,166,203,649,132
615,582,583,650,614,651,616
616,583,584,651,615,617,652
617,585,584,616,618,652,653
618,586,619,617,585,653,654
619,587,586,618,620,655,654
620,621,588,655,656,619,587
621,589,622,620,588,656,657
622,621,589,590,658,657,623
623,660,659,658,624,590,622
624,660,661,591,590,623,625
625,626,662,661,624,592,591
626,662,625,627,663,592,593
627,594,593,626,663,628,664
628,665,629,627,664,595,594
629,666,665,595,596,628,630
630,597,631,667,666,629,596
631,597,630,667,598,632,668
632,598,631,669,668,599,633
633,599,600,670,669,634,632
634,600,633,670,671,635,601
635,601,636,673,671,634,672
636,601,635,673,602,637,674
637,636,602,674,675,638,603
638,603,604,639,637,675,676
639,605,640,604,638,677,676
640,641,606,605,639,677,678
641,606,607,640,679,678,642
642,680,679,641,607,608,643
643,608,609,642,680,644,681
644,682,681,610,645,643,609
645,646,683,682,644,610,611
646,647,684,611,612,683,645
647,686,685,684,646,612,648
648,687,167,133,613,612,647,686
649,689,688,650,203,614,243
650,615,614,649,689,651,690
651,691,690,615,616,650,652
652,691,692,617,616,651,653
653,618,654,617,652,692,693
654,653,618,694,693,655,619
655,695,694,620,656,654,619
656,655,620,696,695,657,621
657,696,656,658,622,697,621
658,623,659,657,622,697,698
659,660,623,699,700,658,698
660,624,661,659,623,700,701
661,660,624,625,662,702,701
662,626,625,661,703,702,663
663,626,627,662,704,703,664
664,704,705,663,627,628,665
665,629,666,628,664,705,706
666,706,707,629,665,630,667
667,707,708,631,630,668,666
668,708,709,632,669,667,631
669,670,633,632,668,709,710
670,711,710,671,669,633,634
671,712,711,670,672,634,635
672,713,712,671,635,714,673
673,636,635,674,715,672,714
674,715,673,716,636,637,675
675,717,676,674,637,716,638
676,718,717,675,639,677,638
677,719,718,639,676,678,640
678,679,641,677,719,640,720
679,642,680,678,641,721,720
680,722,681,642,679,721,643
681,722,680,644,682,723,643
682,644,681,645,683,724,723
683,646,645,725,724,682,684
684,647,646,725,683,685,726
685,727,728,686,647,726,684
686,685,647,728,648,729,687
687,648,167,729,204,686
688,731,730,649,689,286,243
689,649,688,731,690,732,650
690,691,651,689,732,733,650
691,690,651,652,692,734,733
692,693,735,691,652,734,653
693,735,692,694,736,654,653
694,736,693,737,695,655,654
695,738,737,694,655,696,656
696,739,697,695,656,738,657
697,739,696,698,740,657,658
698,741,699,740,697,659,658
699,741,698,659,700,743,742
700,744,743,699,659,660,701
701,700,660,744,745,702,661
702,701,745,662,703,746,661
703,747,746,704,662,702,663
704,705,748,747,664,703,663
705,749,748,704,664,665,706
706,666,707,750,665,749,705
707,706,666,667,708,751,750
708,707,667,668,709,751,752
709,708,668,753,752,710,669
710,670,711,709,753,754,669
711,671,712,670,710,754,755
712,671,711,713,756,672,755
713,712,756,672,758,757,714
714,758,713,759,672,673,715
715,674,673,760,759,716,714
716,760,715,761,674,675,717
717,718,676,675,716,761,762
718,762,763,719,677,717,676
719,718,677,678,720,764,763
720,721,765,719,764,679,678
721,720,765,680,722,679,766
722,680,681,723,721,767,766
723,768,767,681,722,724,682
724,725,683,768,723,682,769
725,724,683,684,726,770,769
726,727,685,770,771,684,725
727,685,728,726,773,772,771
728,727,685,686,773,774,729
729,244,774,204,687,728,686
730,688,731,286,775,331
731,688,730,689,775,732
732,689,690,733,731,775,776
733,690,732,734,691,776,777
734,777,778,733,691,692,735
735,693,692,736,779,734,778
736,735,779,694,693,737,780
737,738,695,736,694,780,781
738,737,695,739,696,781,782
739,696,697,782,783,738,740
740,741,784,698,697,739,783
741,698,699,740,784,785,742
742,786,785,741,743,699,787
743,744,700,742,699,787,788
744,743,700,745,789,701,788
745,789,744,701,790,746,702
746,703,747,791,790,745,702
747,748,792,703,746,791,704
748,749,705,747,792,704,793
749,748,705,794,793,706,750
750,795,751,794,707,706,749
751,795,750,707,708,752,796
752,709,753,751,708,796,797
753,798,754,797,709,752,710
754,798,753,755,799,710,711
755,754,799,711,712,756
756,712,713,757,799,755
757,758,713,756,799,800
758,757,713,714,800,801,759
759,802,801,760,715,758,714
760,759,715,802,716,761,803
761,762,804,760,716,803,717
762,718,763,805,804,761,717
763,806,764,762,718,805,719
764,806,763,719,720,765,807
765,720,721,808,807,766,764
766,721,722,767,809,765,808
767,723,768,810,809,722,766
768,723,767,724,769,811,810
769,724,725,811,812,770,768
770,726,771,725,813,812,769
771,770,726,772,727,813,814
772,771,727,773,815,814
773,727,728,774,772,815
774,287,244,729,332,815,773,728
775,331,402,730,731,816,873,732,776
776,777,816,732,775,733
777,734,778,776,816,733
778,777,734,816,779,817,735
779,735,736,780,817,778,818
780,736,779,818,819,737,781
781,780,737,819,738,820,782
782,739,783,821,820,781,738
783,822,784,782,739,821,740
784,822,783,740,741,785,823
785,784,741,786,742,823,824
786,825,826,785,742,824,787
787,788,827,743,742,786,826
788,827,787,743,744,828,789
789,745,744,788,790,828,829
790,791,830,789,745,829,746
791,790,830,831,746,792,747
792,747,748,832,793,831,791
793,794,749,832,792,833,748
794,795,750,793,749,834,833
795,750,751,794,834,796
796,834,795,752,751,797
797,753,798,796,834,752
798,753,754,797,834,799
799,754,755,835,861,756,757,834,798,800
800,835,801,799,757,758
801,802,836,759,835,800,758
802,801,836,759,760,803,837
803,802,837,838,760,761,804
804,805,762,761,839,838,803
805,804,762,806,763,840,839
806,807,841,763,764,805,840
807,841,806,808,765,764,842
808,843,809,842,807,765,766
809,810,767,843,808,844,766
810,845,844,809,767,768,811
811,845,846,812,769,768,810
812,846,847,770,813,811,769
813,770,771,814,812,847
814,815,332,771,813,772,847,872,289
815,332,774,814,773,772
816,775,873,776,777,848,778,817
817,818,848,779,778,816
818,817,848,780,819,779
819,818,780,820,849,848,781
820,850,849,819,821,782,781
821,850,851,820,782,783,822
822,783,784,852,851,823,821
823,852,853,824,822,784,785
824,853,823,785,825,854,786
825,786,826,854,824,856,855
826,825,786,827,857,856,787
827,788,787,826,857,858,828
828,858,859,827,829,788,789
829,859,860,828,830,789,790
830,790,791,831,860,829
831,830,791,792,832,860
832,792,793,831,833,860
833,832,793,794,834,860
834,861,860,795,794,833,799,796,797,798
835,799,861,801,836,800
836,862,861,801,802,835,837
837,862,836,802,803,838,863
838,837,803,804,839,864,863
839,840,865,805,804,838,864
840,805,806,865,839,841,866
841,807,806,840,866,842,867
842,808,843,868,807,867,841
843,808,809,844,869,868,842
844,810,845,869,843,870,809
845,810,844,811,846,870,871
846,871,872,845,811,812,847
847,846,812,814,872,813
848,817,818,816,873,819,849
849,850,820,819,848,873
850,849,820,821,851,874,873
851,875,852,850,821,822,874
852,823,853,875,851,822,876
853,852,823,824,876,877,854
854,877,853,825,824,878,855
855,856,879,878,825,854
856,855,879,825,826,857
857,858,879,826,827,856
858,857,879,828,859,827
859,858,828,829,860,879
860,859,829,830,834,861,879,831,832,833
861,902,908,836,862,799,835,880,834,860,893
862,836,861,837,880,863
863,837,862,880,838,864,881
864,882,881,865,839,838,863
865,840,839,866,883,882,864
866,867,884,883,865,840,841
867,884,866,868,885,842,841
868,867,885,869,843,886,842
869,844,843,868,870,887,886
870,887,888,844,845,871,869
871,846,872,845,870,888
872,871,846,289,371,847,814,888,900
873,889,901,775,816,848,402,849,850,874
874,850,851,875,873,889
875,851,852,874,889,876
876,877,890,852,853,875,889
877,876,890,878,891,853,854
878,877,891,854,855,879,892
879,857,858,855,856,892,901,878,859,860
880,881,893,861,862,863
881,880,893,882,864,863,894
882,881,864,865,883,894,895
883,866,865,884,882,895,896
884,897,896,867,866,885,883
885,898,886,867,868,897,884
886,898,899,885,887,868,869
887,870,888,900,886,899,869
888,887,870,872,900,871
889,901,873,874,875,876,890
890,876,877,891,901,889
891,877,878,890,901,892
892,879,901,891,878
893,880,881,894,861,902
894,881,893,882,902,903,895
895,904,903,883,896,894,882
896,884,897,895,883,904,905
897,884,896,898,885,905,906
898,886,899,885,907,897,906
899,898,886,887,900,907
900,427,912,371,888,872,887,899,907
901,889,873,892,879,890,891
902,908,861,893,894,903
903,904,909,895,894,902,908
904,903,909,895,896,905,910
905,897,906,904,896,910,911
906,907,912,898,905,897,911
907,906,912,899,900,898
908,902,861,903,909,913
909,903,904,908,910,913
910,911,914,909,913,904,905
911,910,914,906,912,905
912,900,427,906,907,911,914
913,909,910,914,908
914,910,911,912,913
915,942,931,962,963,946,925
916,471,472,940,927,947,1001
917,476,475,928,951,926,981
918,933,961,996,952,930,964
919,920,948,992,988,939,991
920,948,919,939,982,985,984
921,929,923,954,956,957,955
922,4,1,5,950,986,987
923,921,929,954,965,989,990
924,932,971,943,969,970,967
925,942,974,915,976,946,975
926,951,917,975,974,973,928
927,916,940,976,977,947,978
928,917,476,980,926,973,972
929,921,923,957,994,965,983
930,934,933,918,952,978,977
931,993,942,915,962,960,937
932,967,966,924,971,972,973
933,930,934,918,961,999,461
934,930,933,462,461,978,979
935,936,945,949,986,985,984
936,935,945,949,996,998,964
937,982,983,960,994,993,931
938,989,2,17,16,988,992
939,919,988,965,983,920,982
940,916,927,471,470,979,978
941,11,10,958,955,956
942,925,974,993,931,915,966,997
943,969,924,958,967,953
944,460,968,998,996,961,999
945,960,962,936,935,964,984
946,915,963,952,977,976,925
947,916,927,976,951,1001,975
948,920,919,950,985,991,1000
949,936,935,998,959,987,986
950,948,985,922,986,1000,1
951,926,917,947,1001,981,975
952,918,930,963,964,977,946
953,957,995,967,943,956,958
954,13,12,923,921,955,990
955,12,11,941,954,921,956
956,958,953,957,921,955,941
957,929,994,953,995,956,921
958,8,969,943,10,956,953,941
959,998,949,968,7,6,987
960,945,962,982,937,984,931
961,918,933,996,999,944
962,945,960,915,963,931,964
963,962,915,964,952,946
964,996,918,945,936,962,963,952
965,923,929,988,939,983,989
966,973,974,967,932,997,942
967,932,966,997,953,943,995,924
968,463,7,944,460,998,959
969,8,958,970,479,943,924
970,969,479,924,478,971
971,932,924,478,477,970,972
972,973,932,477,980,971,928
973,974,966,972,932,926,928
974,973,966,925,942,926,975
975,926,974,976,925,947,951
976,927,977,946,947,925,975
977,930,952,978,976,927,946
978,934,930,979,977,927,940
979,934,978,470,940,469,462
980,972,477,476,928,495,496
981,473,1001,951,474,475,917
982,983,937,960,920,939,984
983,982,937,929,994,965,939
984,982,920,985,935,960,945
985,950,948,920,935,986,984
986,949,987,922,950,935,985
987,959,6,949,986,5,922
988,992,919,939,965,989,938
989,990,923,938,2,988,965
990,14,13,989,923,954,2
991,19,18,992,1000,919,948
992,988,919,938,991,18,17
993,942,931,994,995,997,937
994,929,957,993,995,983,937
995,993,994,957,953,967,997
996,918,961,936,998,964,944
997,966,967,942,993,995
998,936,996,968,944,959,949
999,933,461,961,460,944,465,466
1000,20,1,19,991,948,950
1001,981,473,947,951,916,472
